58.8 1.22 1
63.81 1.32 1
68.79 1.77 1
74.33 3.04 1
80.24 0.38 1
84.9 1.05 1
90.28 0.86 1
94.51 1.95 1
98.58 1.88 1
103.26 1.08 1
109.1 0.91 1
126.97 3.04 1
133.02 2.27 1
137.24 3.04 1
142.18 3.04 1
146.6 1.32 1
151.67 0.41 1
156.74 1.38 1
162.4 0.64 1
167.31 2.16 1
172.1 0.97 1
322.9 1.84 1
328.06 1.58 1
333.32 0.8 1
337.95 1.31 1
342.97 2.3 1
347.43 0.92 1
352.08 0.35 1
357.54 0.69 1
407.69 2.15 1
413.29 0.63 1
418.54 1.32 1
423.15 0.53 1
428.47 0.94 1
446.91 0.55 1
452.01 2.05 1
456.54 0.78 1
461.93 1.59 1
467.69 0.44 1
601.14 2.05 1
605.8 2.19 1
610.39 0.69 1
616.38 0.8 1
621.36 0.67 1
625.5 0.84 1
