6.75 2.57 1
11.03 1.88 1
16.21 0.48 1
21.63 0.83 1
27.66 0.69 1
32.13 2.2 1
38.09 1.22 1
43.18 0.48 1
48.76 0.64 1
65.79 0.66 1
70.06 0.61 1
75.32 1.3 1
79.78 0.67 1
133.52 1.28 1
138.88 0.75 1
144.86 1.06 1
149.87 0.63 1
154.99 0.59 1
171.44 3.01 1
176.17 3.1 1
180.52 2.18 1
184.82 3.12 1
190.26 1.17 1
194.63 0.65 1
199.07 0.52 1
204.67 0.85 1
209.6 0.59 1
215.18 0.72 1
219.59 2.66 1
224.04 1.12 1
229.12 0.72 1
234.19 0.46 1
239.98 0.53 1
245.62 0.45 1
341.23 0.73 1
346.21 0.62 1
351.74 0.67 1
356.13 0.76 1
360.62 0.58 1
365.05 1.7 1
381.09 1.56 1
386.26 0.81 1
391.74 1.14 1
396.54 0.49 1
401.8 0.62 1
406.57 1.34 1
411.71 0.66 1
603.2 1.28 1
607.6 1.1 1
613.11 0.6 1
617.69 2.13 1
621.99 1.09 1
626.93 0.5 1
631.19 0.39 1
635.66 0.59 1
639.88 0.69 1
644.25 0.4 1
650.19 0.77 1
655.05 0.64 1
