42.12 1.21 1
47.63 3.04 1
52.12 3.04 1
56.66 3.04 1
61.92 3.04 1
66.1 0.78 1
71.19 2.81 1
76.3 3.04 1
82.32 3.04 1
86.71 1.15 1
92.57 3.05 1
98.09 3.04 1
103.76 1.86 1
109.29 2.46 1
113.93 3.04 1
118.31 3.04 1
123.82 1.07 1
128.12 1.97 1
132.54 2.3 1
138.59 1.1 1
143.79 0.94 1
159.18 1.93 1
163.72 3.04 1
169.37 3.04 1
173.85 3.04 1
178.37 3.04 1
182.75 2.11 1
186.89 3.04 1
192.69 1.95 1
197.81 2.03 1
202.42 0.68 1
206.96 2.08 1
211.08 2.38 1
216.6 3.04 1
220.72 2.21 1
225.96 3.04 1
231.56 3.04 1
236.43 0.55 1
240.49 2.4 1
245.23 3.04 1
250.44 1.3 1
256.24 1.95 1
343.85 0.47 1
349.03 0.54 1
353.44 1.3 1
358.03 0.6 1
363.21 0.44 1
584.92 1.49 1
590.77 0.79 1
595.94 0.8 1
600.72 1.33 1
605.78 0.54 1
