94.2 0.79 -2.47826086956522
112.5 0.55 1.52173913043478
118.11 1.07 0.521739130434783
148.27 0.51 0.521739130434783
152.93 0.58 -0.478260869565217
181.03 0.8 1.52173913043478
186.04 0.46 0.521739130434783
190.2 0.78 -0.478260869565217
220.86 0.46 0.521739130434783
225.14 0.93 -0.478260869565217
229.98 0.74 -1.47826086956522
356.92 0.59 0.521739130434783
371.74 0.5 -2.47826086956522
390.97 0.67 1.52173913043478
396.7 0.64 0.521739130434783
461.92 0.45 0.521739130434783
467.08 0.52 -0.478260869565217
495.8 0.86 0.521739130434783
500.25 0.98 -0.478260869565217
531.59 0.36 0.521739130434783
535.78 0.39 -0.478260869565217
540.43 0.61 -1.47826086956522
600.68 0.75 1.52173913043478
