203.96 0.77 2.11111111111111
208.33 0.75 1.11111111111111
213.77 0.73 0.111111111111111
312.41 0.68 1.11111111111111
317.77 0.96 0.111111111111111
322.41 2.06 -0.888888888888889
381.2 0.7 2.11111111111111
396.81 2.52 -0.888888888888889
402.77 1.35 -1.88888888888889
419.36 0.8 1.11111111111111
435.08 1.07 -1.88888888888889
491.93 0.72 2.11111111111111
497.04 0.71 1.11111111111111
510.97 0.81 -1.88888888888889
574.93 0.98 -0.888888888888889
580.31 0.58 -1.88888888888889
598.51 1.08 1.11111111111111
614.63 1.04 -1.88888888888889
