5.6 0.66 1.10526315789474
10.53 1.66 0.105263157894737
37.69 0.36 1.10526315789474
43.19 0.34 0.105263157894737
47.59 1.36 -0.894736842105263
71.9 0.69 1.10526315789474
77.55 0.37 0.105263157894737
205.9 0.39 2.10526315789474
211.94 0.48 1.10526315789474
217.6 0.5 0.105263157894737
247.29 0.55 1.10526315789474
293.51 0.95 -1.89473684210526
362.13 0.6 -1.89473684210526
380.76 0.43 1.10526315789474
394.67 0.38 -1.89473684210526
461.86 0.29 -1.89473684210526
528.47 0.42 -0.894736842105263
533.01 0.48 -1.89473684210526
550.28 0.53 2.10526315789474
