6.81 0.53 1.82352941176471
10.97 0.51 0.823529411764706
27.48 0.32 -2.17647058823529
49.83 0.47 0.823529411764706
54.79 0.62 -0.176470588235294
60.22 0.36 -1.17647058823529
198.57 0.54 -2.17647058823529
216.12 0.39 0.823529411764706
285.36 1.74 1.82352941176471
289.46 1.37 0.823529411764706
339.11 0.34 -2.17647058823529
389.45 0.43 0.823529411764706
466.24 0.83 0.823529411764706
471.49 1.25 -0.176470588235294
475.92 1.33 -1.17647058823529
536.12 0.53 0.823529411764706
540.18 0.74 -0.176470588235294
