12.03 0.51 1.1
27.18 0.61 -1.9
45.09 0.72 2.1
55.17 0.75 0.1
65.35 0.54 -1.9
82.84 0.66 2.1
99.03 0.59 -0.9
122.65 0.35 2.1
127.22 0.64 1.1
138.7 0.7 -0.9
162.17 0.68 1.1
172.77 0.52 -0.9
193.01 0.56 1.1
204.02 0.6 -0.9
227.51 0.48 1.1
242.22 0.5 -1.9
260.82 0.5 1.1
265.11 0.5 0.1
275.48 0.5 -1.9
291.22 0.57 1.1
307.09 0.98 -1.9
325.32 0.46 1.1
334.5 0.51 -0.9
358.58 0.55 1.1
369.53 0.48 -0.9
373.82 0.69 -1.9
392.9 0.54 1.1
401.72 0.56 -0.9
425.12 0.48 1.1
434.65 0.58 -0.9
458.44 0.61 1.1
462.68 0.61 0.1
468.66 0.55 -0.9
490.14 0.53 2.1
505.56 0.61 -0.9
511.45 0.83 -1.9
565.08 0.54 2.1
575.19 0.83 0.1
585.89 0.47 -1.9
602.99 0.58 1.1
614.44 0.52 -0.9
