7.18 0.48 1.8
11.36 0.44 0.8
16.88 0.65 -0.2
48.8 0.56 -0.2
77.72 1.28 1.8
87.23 0.41 -0.2
97.2 0.31 -2.2
114.72 0.7 0.8
123.64 0.5 -1.2
143.74 0.6 0.8
149.13 0.35 -0.2
177.27 0.51 1.8
181.66 0.43 0.8
191.01 0.36 -1.2
221.66 1.19 0.8
226.4 0.44 -0.2
230.92 0.5 -1.2
254.59 1.14 0.8
264.88 0.51 -1.2
288 0.44 0.8
292.24 0.36 -0.2
319.32 0.5 1.8
329.55 0.59 -0.2
338.37 0.46 -2.2
355.52 1.04 1.8
366.9 0.37 -0.2
377.97 0.35 -2.2
394.6 0.42 1.8
405.03 0.46 -0.2
410.43 0.44 -1.2
414.81 0.35 -2.2
431.75 0.68 1.8
437.15 0.62 0.8
448.33 0.41 -1.2
468.49 2.5 0.8
477.24 0.78 -1.2
497.83 0.42 0.8
507.25 0.42 -1.2
537.29 0.32 0.8
541.55 0.4 -0.2
546 0.37 -1.2
568.46 1.17 0.8
577.94 0.35 -1.2
600.82 0.4 1.8
614.83 0.39 -1.2
