55.57 0.59 0.92
66.84 0.49 -1.08
88.71 0.45 0.92
98.29 0.49 -1.08
119.56 0.51 1.92
129.03 0.56 -0.08
138.97 0.39 -2.08
161.89 0.56 0.92
166.92 0.81 -0.08
172.12 0.53 -1.08
194.52 0.51 1.92
199.11 0.54 0.92
204.07 0.51 -0.08
209.22 0.41 -1.08
233.89 0.53 0.92
238.28 0.69 -0.08
242.4 0.5 -1.08
264.09 1.33 1.92
279.74 0.58 -1.08
285.28 0.54 -2.08
335.01 0.48 0.92
340.52 0.36 -0.08
351.5 0.48 -2.08
368.32 0.74 1.92
372.42 0.52 0.92
383.06 0.49 -1.08
409.33 0.46 0.92
419.98 0.41 -1.08
447.39 0.45 0.92
457 0.55 -1.08
480.26 0.59 0.92
491.05 0.4 -1.08
513.63 0.83 1.92
524.34 0.48 -0.08
534.61 0.46 -2.08
551.6 0.43 0.92
561.22 0.41 -1.08
582.75 0.45 0.92
587.83 0.36 -0.08
