6.48 0.69 1.97
11.35 1.02 0.97
16.19 0.94 -0.03
48.12 0.58 -0.03
58.1 0.55 -2.03
73.11 1.16 0.97
82.62 1.13 -1.03
110.73 0.86 -0.03
120.84 0.7 -2.03
136.7 0.89 1.97
146.66 0.96 -0.03
152.16 0.85 -1.03
157.2 0.68 -2.03
225.03 0.85 0.97
235.79 0.71 -1.03
257.32 1.34 1.97
261.89 1.66 0.97
272.1 0.75 -1.03
295.74 1.08 0.97
304.88 0.64 -1.03
365.4 0.62 0.97
369.83 0.71 -0.03
402.45 0.5 0.97
411.17 0.61 -1.03
415.34 0.58 -2.03
432.17 0.9 0.97
442.11 1.2 -1.03
447.33 1.27 -2.03
463.1 0.93 0.97
473.32 0.86 -1.03
494.36 0.74 0.97
505.38 0.56 -1.03
528.49 0.89 0.97
538.49 0.45 -1.03
560.36 0.78 1.97
571.64 0.7 -0.03
599.31 0.57 1.97
603.74 0.49 0.97
614.73 0.64 -1.03
