7.19 0.53 1.07
17.26 0.52 -0.93
38.66 0.55 1.07
43.66 0.52 0.07
70.05 0.38 2.07
79.67 0.49 0.07
89.33 0.46 -1.93
106.42 0.9 1.07
116.64 0.5 -0.93
144.62 0.71 0.07
155.34 0.62 -1.93
171.58 0.75 1.07
181.17 0.5 -0.93
211.06 0.61 1.07
222.46 0.48 -0.93
228.48 0.4 -1.93
250.71 0.51 0.07
262.47 0.66 -1.93
280.24 0.51 2.07
290.16 0.39 0.07
299.59 0.62 -1.93
315.47 0.52 2.07
321.04 0.49 1.07
332.13 0.7 -0.93
408.13 0.44 2.07
418.28 0.51 0.07
428.39 0.49 -1.93
445.13 0.44 2.07
455.47 0.57 0.07
467.24 0.55 -1.93
484.23 0.35 2.07
495.2 0.45 0.07
506.21 0.43 -1.93
524.04 0.65 2.07
529.89 0.78 1.07
535.52 0.95 0.07
546.81 0.4 -1.93
564.39 0.48 1.07
580.18 0.47 -1.93
597.83 0.61 2.07
606.6 0.65 0.07
615.88 0.49 -1.93
