6.73 0.72 1.86
11.22 1.45 0.86
21.93 0.68 -1.14
44.23 0.56 1.86
54.12 0.68 -0.14
64.28 0.72 -2.14
81.42 0.44 1.86
87.08 0.67 0.86
97.71 0.76 -1.14
123.03 0.42 0.86
133.03 0.65 -1.14
156.44 0.78 1.86
165.91 0.54 -0.14
175.52 0.56 -2.14
192.69 0.69 1.86
202.99 0.86 -0.14
212.24 0.52 -2.14
229.96 0.62 1.86
235.05 0.53 0.86
244.33 0.78 -1.14
271.31 0.61 -0.14
282.03 0.77 -2.14
299.36 0.61 0.86
313.11 0.56 -2.14
335.48 0.75 0.86
346.36 0.49 -1.14
351.26 0.81 -2.14
404.97 1.06 1.86
409.4 2.28 0.86
418.82 0.8 -1.14
439.57 0.75 0.86
444.13 0.67 -0.14
473.75 0.67 1.86
478.44 1.18 0.86
489.36 0.65 -1.14
509.95 0.72 0.86
519.69 0.55 -1.14
541.09 1.65 0.86
550.51 1.08 -1.14
571.2 0.53 0.86
580.42 0.64 -1.14
604.39 0.46 1.86
614.75 0.73 -0.14
626.39 0.82 -2.14
