6.19 1.03 1.8
23.21 0.47 -1.2
29.09 0.52 -2.2
46.69 0.71 0.8
57.01 0.63 -1.2
82.95 0.54 1.8
87.46 0.42 0.8
93.59 0.49 -0.2
121.19 1.24 0.8
131.35 0.56 -1.2
154.03 1.03 1.8
159.85 0.53 0.8
169.44 0.53 -1.2
191.33 1.26 0.8
201.86 0.49 -1.2
222.95 0.46 0.8
227.24 0.53 -0.2
254.07 0.93 0.8
265.58 1.13 -1.2
292.19 0.72 0.8
301.46 0.73 -1.2
306.97 0.75 -2.2
326.51 0.85 0.8
332.18 0.8 -0.2
393.94 0.55 0.8
404.34 0.51 -1.2
427.66 0.62 1.8
439.24 0.42 -0.2
448.32 0.74 -2.2
464.2 0.7 1.8
469.25 0.4 0.8
480.67 1.05 -1.2
504.54 0.69 1.8
510.47 0.63 0.8
521.31 0.83 -1.2
543.52 0.74 1.8
554.05 0.64 -0.2
565.38 0.47 -2.2
583.1 0.54 0.8
594.21 0.65 -1.2
