6.9 0.83 1.79
12.79 0.71 0.79
21.17 0.72 -1.21
44.83 0.69 0.79
50.43 1.16 -0.21
60.32 0.66 -2.21
76.52 0.62 1.79
80.9 0.47 0.79
89.96 0.84 -1.21
113.27 0.55 1.79
123.89 0.78 -0.21
133.52 0.77 -2.21
151.21 0.67 1.79
156.62 0.57 0.79
166.79 0.77 -1.21
189.96 0.69 1.79
194.76 0.58 0.79
204.98 0.82 -1.21
226.35 0.6 0.79
230.49 1.12 -0.21
258.58 0.69 0.79
268.67 0.6 -1.21
292.04 1.12 0.79
303.07 0.71 -1.21
323.97 0.51 0.79
335.14 0.58 -1.21
359.18 0.61 1.79
365.24 0.81 0.79
379.59 0.94 -2.21
396.19 1.27 0.79
400.24 0.57 -0.21
409.91 1.33 -2.21
426.01 0.6 0.79
436.45 0.69 -1.21
457.84 1.59 0.79
463.47 1 -0.21
472.97 0.47 -2.21
490 1.28 0.79
501.06 0.71 -1.21
524.84 0.86 1.79
530.5 0.92 0.79
539.55 0.81 -1.21
560.43 0.6 1.79
564.57 0.56 0.79
568.8 0.62 -0.21
600.06 0.55 -0.21
610.81 0.53 -2.21
