6.25 1.15 0.92
17.42 1 -1.08
39.97 0.91 0.92
55.58 0.81 -2.08
159.09 0.83 1.92
170.96 1.33 -0.08
180.76 0.96 -2.08
197.33 1.54 0.92
209.19 0.75 -1.08
231.79 1.13 1.92
247.75 0.68 -1.08
269.03 1.48 0.92
274.04 1.4 -0.08
282.7 1.44 -2.08
299.29 0.69 1.92
304.69 1.08 0.92
318.37 1.36 -2.08
334.72 0.8 1.92
345.18 0.82 -0.08
349.68 0.55 -1.08
353.84 1.22 -2.08
373.09 0.79 1.92
388.86 2.04 -1.08
413.04 1.58 0.92
422.85 0.58 -1.08
445.15 0.87 1.92
449.95 0.8 0.92
455.31 0.77 -0.08
484.73 1.58 1.92
496.03 0.46 -0.08
501.78 0.44 -1.08
505.93 0.52 -2.08
521.77 1.87 0.92
531.02 0.82 -1.08
553.86 0.84 0.92
564.12 0.59 -1.08
587.2 0.8 1.92
591.87 1.03 0.92
607.09 0.76 -2.08
