7.22 0.57 1.95
17.51 0.27 -0.05
27.28 0.36 -2.05
45.02 0.91 1.95
55.59 0.34 -0.05
65.93 0.26 -2.05
84.2 0.31 1.95
93.64 0.45 -0.05
104.62 0.65 -2.05
126.87 0.47 0.95
140.81 0.45 -2.05
160.08 0.61 0.95
170.27 0.43 -1.05
231.03 0.35 0.95
236.21 1.19 -0.05
263.47 0.31 1.95
273.44 0.39 -0.05
278.62 0.65 -1.05
283.16 0.97 -2.05
300.24 0.46 0.95
312.16 0.33 -1.05
335.44 0.08 1.95
340.35 0.33 0.95
350.68 0.37 -1.05
372.17 0.51 1.95
377.76 0.13 0.95
386.03 0.4 -1.05
408.9 0.31 1.95
418.94 0.4 -0.05
429.24 0.3 -2.05
446.54 0.28 0.95
454.98 0.34 -1.05
475.12 1.29 0.95
491.19 0.38 -2.05
509.11 0.29 0.95
519.61 0.54 -1.05
543.01 0.47 0.95
553.02 0.38 -1.05
573.96 0.36 1.95
583.97 0.35 -0.05
593.36 0.97 -2.05
