41.89 0.7 2.03
57.47 0.67 -0.97
61.87 0.75 -1.97
77.67 0.65 2.03
86.49 0.85 0.03
97.48 0.86 -1.97
113.74 0.77 2.03
122.9 0.9 0.03
134.36 0.69 -1.97
155.83 0.74 1.03
166.26 0.94 -0.97
186.54 1.12 2.03
195.97 1.19 0.03
206.56 0.62 -1.97
319.53 0.74 1.03
328.11 1.33 -0.97
351.1 1.3 1.03
361.04 1.6 -0.97
382.41 1.68 1.03
387.89 1.55 0.03
397.11 1.06 -1.97
412.61 0.7 2.03
423.03 0.88 0.03
433.24 0.69 -1.97
450.36 1.35 1.03
465.62 0.8 -1.97
481.35 0.77 1.03
492.92 1.15 -0.97
513.68 1.62 2.03
523.68 0.84 0.03
528 1.1 -0.97
532.78 1 -1.97
550.58 0.74 2.03
556.41 2.35 1.03
565.35 1.27 -0.97
587.35 3.04 1.03
591.99 0.35 1.03
603.05 0.81 -0.97
