89.84 0.46 1.08
104.77 0.65 -1.92
122.49 0.77 1.08
133.58 0.71 -0.92
154.12 0.51 1.08
159.1 0.75 0.08
169.68 0.58 -1.92
186.01 0.48 1.08
200.75 0.52 -1.92
215.88 0.75 2.08
226.63 0.47 0.08
237.75 0.37 -1.92
258.77 1.12 1.08
269.26 0.6 -0.92
290.07 0.75 1.08
296.08 0.7 0.08
321.31 1.06 2.08
335.94 0.96 -0.92
340.46 2.95 -1.92
355.13 1 2.08
359.43 0.83 1.08
373.91 0.49 -1.92
390.41 0.51 1.08
399.9 0.84 -0.92
426.34 0.64 1.08
438.16 0.38 -0.92
458.1 0.67 1.08
468.61 0.5 -0.92
491.92 0.73 1.08
501.72 0.54 -0.92
523.45 0.69 2.08
529.44 0.55 1.08
542.79 0.49 -1.92
565.61 0.9 1.08
575.77 0.42 -0.92
603.89 0.37 1.08
614.27 0.63 -0.92
618.67 0.56 -1.92
