5.14 0.59 1.86
10.79 0.37 0.86
25.58 0.36 -2.14
42.36 0.38 1.86
47.5 0.38 0.86
56.76 0.4 -1.14
78.07 0.38 1.86
93.14 0.43 -1.14
114.42 0.46 1.86
123.78 0.44 -0.14
135.49 0.46 -2.14
152.79 0.38 0.86
163.12 0.4 -1.14
184.6 0.35 0.86
193.85 0.57 -1.14
223.13 0.48 -0.14
232.66 0.6 -2.14
289.22 0.49 1.86
299.19 0.36 -0.14
309.4 0.39 -2.14
326.45 0.39 1.86
330.83 0.38 0.86
344.9 0.48 -2.14
361.36 0.54 1.86
365.69 0.38 0.86
375.08 0.44 -1.14
399.2 0.49 1.86
405.19 0.36 0.86
409.79 0.34 -0.14
415.02 0.36 -1.14
435.24 0.62 0.86
446.09 0.48 -1.14
469.3 0.39 0.86
477.65 0.48 -1.14
505.67 0.63 0.86
509.97 0.44 -0.14
514.11 0.61 -1.14
535.12 0.45 0.86
546.58 0.35 -1.14
568.39 0.38 1.86
584.34 0.56 -1.14
589.86 0.36 -2.14
