7.92 0.67 0.94
13.99 0.69 -0.06
23.13 0.77 -2.06
46.01 0.91 0.94
62.17 0.65 -2.06
79.31 0.79 1.94
87.85 0.81 -0.06
96.24 1.34 -2.06
114.33 0.69 0.94
125.19 0.73 -1.06
146.41 0.58 1.94
150.6 0.88 0.94
161.74 0.72 -1.06
336.57 1.02 1.94
346 0.46 -0.06
357.21 0.6 -2.06
374.88 0.82 0.94
384.17 0.76 -1.06
408.24 1.04 0.94
417.99 0.64 -1.06
439.98 0.63 0.94
450.24 0.61 -1.06
476.48 0.45 -0.06
508.66 1.13 0.94
519.27 0.74 -1.06
541.62 0.54 1.94
545.91 0.7 0.94
555.49 1.05 -1.06
578.56 1.52 1.94
587.89 0.51 -0.06
598.54 0.58 -2.06
