6.59 3.14 1.97
12.34 0.74 1.97
22.61 1.08 -0.03
32.28 0.8 -2.03
51.91 0.71 0.97
62.53 0.53 -1.03
66.74 3.11 -2.03
87.44 0.57 1.97
93.12 1.66 0.97
103.68 0.51 -1.03
177.82 0.62 0.97
187.62 0.7 -1.03
209.61 0.75 0.97
220.59 0.73 -1.03
242.05 1.47 0.97
253.73 0.72 -1.03
259.39 0.67 -2.03
278.09 0.55 0.97
292.97 0.62 -2.03
310.34 0.71 0.97
325.54 0.59 -2.03
344.49 0.83 1.97
350.44 0.75 0.97
366.44 0.6 -2.03
383.94 1.52 1.97
388.11 1.06 0.97
397.71 0.59 -1.03
419.41 1.08 0.97
430.64 0.75 -1.03
508.43 2.34 0.97
512.82 1.32 -0.03
518.14 0.76 -1.03
538.46 1.17 0.97
547.65 0.85 -1.03
570.29 3.09 0.97
581.3 0.75 -1.03
604.31 1.07 0.97
614.96 0.63 -1.03
