6.79 0.85 1.95
11 0.43 0.95
25.74 0.35 -2.05
43.22 0.68 0.95
55.17 0.61 -1.05
78.35 0.71 1.95
83.74 0.39 0.95
97.74 0.43 -2.05
115.21 0.43 1.95
125.45 0.87 -0.05
135.26 0.47 -2.05
152.65 0.91 0.95
158.42 0.61 -0.05
168.58 0.48 -2.05
186.97 1.19 0.95
195.81 0.91 -1.05
219.96 1.81 0.95
230.15 1.21 -1.05
286.18 0.72 0.95
296.24 0.83 -1.05
318.55 0.64 0.95
333.1 0.65 -2.05
349.64 1.1 1.95
360.32 0.9 -0.05
368.98 1.57 -2.05
385.06 0.49 1.95
395.26 0.39 -0.05
405.5 0.41 -2.05
421.39 0.45 0.95
431.1 0.42 -1.05
452.28 0.73 0.95
461.4 0.98 -1.05
485.82 0.51 0.95
490.23 1.27 -0.05
500.54 0.76 -2.05
523.44 0.55 0.95
534.11 0.85 -1.05
556.03 0.68 1.95
560.12 0.98 0.95
565.5 0.52 -0.05
