7.45 0.42 1.89
12.08 0.64 0.89
21.91 0.58 -1.11
44.37 0.68 0.89
55.34 0.53 -1.11
77.46 0.58 0.89
87.29 0.54 -1.11
109.97 0.54 1.89
121.28 0.46 -0.11
131.26 0.48 -2.11
152.93 0.54 0.89
167.19 0.5 -2.11
216.08 0.37 1.89
220.84 0.45 0.89
231.37 0.54 -1.11
254.02 0.47 1.89
259.17 0.54 0.89
273.78 0.62 -2.11
289.13 0.46 0.89
299.1 0.57 -1.11
359.83 0.37 1.89
369.58 0.44 -0.11
379.55 0.55 -2.11
395.85 0.49 1.89
400.13 0.49 0.89
416.21 0.59 -2.11
433.06 0.48 0.89
443.68 0.51 -1.11
464.94 0.46 0.89
474.41 0.51 -1.11
496 0.51 0.89
500.74 0.62 -0.11
512.32 0.69 -2.11
528.01 0.54 0.89
536.83 0.47 -1.11
559.29 0.61 0.89
567.51 0.65 -1.11
