6.08 0.86 0.84
10.95 0.89 -0.16
15.02 0.82 -1.16
35.42 0.73 1.84
45.39 0.88 -0.16
55.75 0.82 -2.16
78.59 0.75 -0.16
88.66 1.09 -2.16
106.34 0.75 1.84
111.58 1.25 0.84
127.12 1.08 -2.16
143.82 1.05 1.84
157.38 0.57 -1.16
181.18 0.96 1.84
189.78 1.74 -0.16
200.43 1.72 -2.16
216.83 0.68 0.84
221.16 1 -0.16
250.25 0.78 1.84
261.28 1.27 -0.16
272.19 0.91 -2.16
296.46 0.95 0.84
300.87 0.83 -0.16
306.69 0.85 -1.16
326.58 1.14 1.84
330.79 1.04 0.84
340.96 0.51 -1.16
362.19 1.02 0.84
370.73 2.04 -1.16
429.13 0.75 0.84
440.47 1 -1.16
463.65 3.04 1.84
468.6 1.15 1.84
473.21 1.35 0.84
483.63 0.67 -1.16
506.1 2.52 0.84
514.57 1.22 -1.16
535.86 0.69 0.84
546.23 1.03 -1.16
566.26 0.63 1.84
577.45 1.02 -0.16
587.2 0.65 -2.16
603.45 0.89 0.84
614.23 0.97 -1.16
