6.48 1.04 0.84
16.37 1.26 -1.16
39.24 1.64 1.84
44.06 1.69 0.84
54.6 0.83 -1.16
78.13 2.31 1.84
88.39 0.62 -0.16
99 0.94 -2.16
116.05 1.44 0.84
125.66 1 -1.16
235.96 0.58 0.84
245.11 1.51 -1.16
266.23 1.28 0.84
276.45 1.8 -1.16
344.12 2.4 0.84
354.68 1.01 -1.16
377.25 0.6 1.84
381.37 0.78 0.84
386.49 0.85 -0.16
396.41 0.87 -2.16
445.89 0.7 1.84
450.39 0.99 0.84
456.42 0.49 -0.16
482.72 0.63 0.84
491.65 0.83 -1.16
514.13 0.52 0.84
519.03 1.27 -0.16
530.24 1.02 -2.16
545.02 0.39 1.84
555.83 0.87 -0.16
565.79 1.27 -2.16
