5.12 1.21 1
21.07 0.42 -2
38.65 0.56 1
49.35 0.42 -1
70.81 0.5 2
76.16 0.42 1
86.65 0.39 -1
114.82 0.46 0
197.95 0.88 0
209.87 0.8 -2
227.76 0.9 1
237.29 0.4 -1
295.32 0.75 1
300.25 0.39 0
327.75 0.59 1
337.61 0.43 -1
361.07 0.39 1
370.81 0.38 -1
399.54 0.84 1
411.33 0.74 -1
416.95 0.35 -2
434.58 0.53 2
443.34 0.42 0
453.81 0.67 -2
470.21 0.5 1
474.26 0.43 0
503.2 0.6 2
508.25 0.44 1
512.4 0.42 0
517.3 1.42 -1
540.09 0.58 2
550.01 0.4 0
555.54 0.36 -1
559.95 0.42 -2
578.31 0.36 1
587.91 0.38 -1
