7.52 0.51 1.86
12.64 0.72 0.86
21.81 0.58 -1.14
42.84 0.41 0.86
54.15 0.5 -1.14
83.13 1.62 0.86
91.93 0.31 -1.14
113.73 0.42 0.86
119.64 0.54 -0.14
130.14 0.49 -2.14
148.16 1.37 0.86
152.76 0.71 -0.14
179.17 0.45 0.86
189.93 0.45 -1.14
211.94 0.43 0.86
221.06 0.39 -1.14
244.2 0.43 1.86
258.47 0.31 -1.14
279.23 0.43 0.86
289.14 0.44 -1.14
312.72 0.41 0.86
327.45 0.3 -2.14
345.71 0.89 0.86
354.42 0.51 -1.14
376.28 1.8 1.86
382.23 0.76 0.86
392.23 0.45 -1.14
414.48 0.39 0.86
425.59 0.26 -1.14
447.49 0.41 1.86
457.66 0.37 -0.14
468.58 0.32 -2.14
489.98 3.04 0.86
495.08 0.74 0.86
505.33 0.45 -1.14
529.16 0.4 1.86
534.97 0.69 0.86
550.1 0.69 -2.14
567.97 0.46 0.86
572.84 0.34 -0.14
578.13 0.33 -1.14
600.48 1.14 0.86
611.35 0.62 -1.14
