5.54 1.04 1.96
16.68 0.8 -0.04
26.16 1.28 -2.04
42.39 0.66 0.96
51.82 0.7 -1.04
73.82 0.5 1.96
85.19 0.5 -0.04
95.53 0.53 -2.04
111.65 0.65 1.96
117.28 0.93 0.96
126.93 0.56 -1.04
149.13 0.49 0.96
164.07 0.37 -2.04
179.89 0.73 1.96
190.45 0.66 -0.04
201.53 0.8 -2.04
217.86 0.75 1.96
228 0.64 -0.04
237.59 0.53 -2.04
254.21 0.6 1.96
265.52 1.61 -0.04
276.36 0.56 -2.04
294.02 0.62 0.96
304.23 0.42 -1.04
327.37 0.53 1.96
338.47 0.45 -0.04
347.18 0.41 -2.04
363.48 0.62 1.96
369.16 0.47 0.96
382.85 0.52 -2.04
401.54 0.55 0.96
412.18 0.57 -1.04
432.69 0.49 1.96
442.75 0.56 -0.04
453.49 0.71 -2.04
469.94 0.6 0.96
481.64 0.56 -1.04
505.88 0.43 1.96
515.35 0.48 -0.04
526.24 0.48 -2.04
544.77 0.62 0.96
553.77 0.58 -1.04
575.13 0.63 1.96
586.14 0.74 -0.04
595.17 0.49 -2.04
