7 0.87 1.91
17.7 1.36 -0.09
27.43 1.1 -2.09
97.85 1.24 0.91
107.81 1.58 -1.09
130.74 1.05 1.91
141.41 1.31 -0.09
152.15 0.49 -2.09
174.05 0.69 0.91
178.46 0.58 -0.09
183.73 1.2 -1.09
257.56 0.98 0.91
275.3 1.66 -1.09
295.03 0.68 0.91
300.93 1.05 -0.09
329.35 0.66 0.91
334.5 1 -0.09
360.69 0.77 0.91
372.26 1.26 -1.09
396.22 0.79 0.91
406.82 0.52 -1.09
429.33 1.06 0.91
439.37 0.54 -1.09
462.72 1.05 0.91
472.18 0.6 -1.09
493.72 0.6 1.91
509.91 0.69 -1.09
515.2 0.94 -2.09
531.3 0.77 1.91
541.55 1.03 -0.09
552 0.75 -2.09
569.45 0.56 0.91
574.24 0.64 -0.09
604.8 0.43 0.91
609 1.61 -0.09
