7.95 0.59 0.82
23.08 0.72 -2.18
40.47 1.06 1.82
49.96 0.48 -0.18
59.89 0.44 -2.18
76.33 0.69 1.82
86.35 0.4 -0.18
97.22 0.49 -2.18
114.24 0.59 0.82
122.96 0.35 -1.18
150.63 0.51 0.82
161.69 0.59 -1.18
185.23 0.96 1.82
189.83 1.49 0.82
200.17 0.39 -1.18
220.84 0.53 0.82
232.36 0.38 -1.18
253.52 0.57 0.82
258.7 0.59 -0.18
288.71 0.87 0.82
299.37 0.44 -1.18
320.58 0.7 0.82
330.88 0.48 -1.18
352.45 0.44 0.82
361.17 0.61 -1.18
383.17 0.61 1.82
387.72 1.19 0.82
398.28 0.85 -1.18
421.09 2.64 0.82
432.37 0.9 -1.18
487.23 0.45 1.82
493.22 0.5 0.82
504.51 1.52 -1.18
526.13 0.77 0.82
531.97 0.77 -0.18
560.95 0.41 0.82
571.06 0.64 -1.18
593.29 0.86 0.82
603.38 0.71 -1.18
