39.78 1.41 1.91
45.52 0.8 0.91
57.08 0.6 -1.09
81.24 1.55 1.91
86.14 1.43 0.91
96.73 0.51 -1.09
117.96 0.37 0.91
134.09 0.57 -2.09
150.13 0.35 1.91
154.56 0.28 0.91
171.11 0.65 -2.09
186.59 0.79 0.91
197.51 0.57 -1.09
218.77 0.83 0.91
223.01 0.42 -0.09
251.2 0.93 0.91
257.15 0.45 -0.09
287.89 0.52 -0.09
298.39 0.32 -2.09
315.52 0.57 1.91
325.91 0.41 -0.09
336.22 0.5 -2.09
353.68 0.33 0.91
369.18 0.33 -2.09
385.34 0.47 0.91
390.13 0.37 -0.09
394.8 0.36 -1.09
415.34 1.83 0.91
425.31 0.65 -1.09
445.76 1.88 1.91
457.04 0.78 -0.09
467.6 0.65 -2.09
484.64 0.62 0.91
494.65 0.36 -1.09
500.36 0.43 -2.09
516.7 0.48 1.91
521.5 0.87 0.91
530.1 0.42 -1.09
551.19 0.32 1.91
555.87 0.33 0.91
569.97 0.35 -2.09
586.96 0.39 1.91
597.92 0.33 -0.09
607.63 0.36 -2.09
