5.59 0.78 1.03
16.64 0.78 -0.97
39 0.53 1.03
54.01 0.45 -1.97
70.86 0.82 1.03
84.93 0.49 -1.97
163.18 0.82 2.03
173.43 1.12 0.03
185.01 0.95 -1.97
206.3 0.92 1.03
216.62 0.73 -0.97
238.35 2.46 2.03
248.02 0.74 0.03
258.75 0.52 -1.97
275.51 0.57 1.03
291.56 0.6 -1.97
308.64 0.66 1.03
317.44 0.9 -0.97
339.99 0.93 2.03
350.49 0.52 0.03
359.85 0.44 -1.97
377.75 0.47 2.03
387.53 0.47 0.03
396.8 0.38 -1.97
415.33 0.51 1.03
425.39 0.51 -0.97
446.9 0.56 2.03
457.6 0.37 0.03
467.71 0.68 -1.97
528.15 0.71 2.03
533.5 0.88 1.03
544.91 0.52 -0.97
575.21 0.44 1.03
580.1 0.82 0.03
585.95 1.14 -0.97
