7.86 0.66 0.74
19.45 0.71 -1.26
43.15 0.56 1.74
47.67 0.86 0.74
56.94 0.65 -1.26
79.71 1.21 1.74
90.84 0.88 -0.26
102.5 0.53 -2.26
120.18 0.7 1.74
131.93 0.54 -0.26
143.05 0.66 -2.26
160.33 0.65 1.74
164.73 0.82 0.74
169.6 1.25 -0.26
178.37 0.81 -2.26
195.06 0.48 1.74
204.82 0.8 -0.26
215.18 0.71 -2.26
231.93 0.6 1.74
237.71 0.66 0.74
248.56 0.49 -1.26
272.43 0.75 1.74
276.5 0.99 0.74
291.43 0.81 -2.26
306.94 1.5 0.74
316.52 1.25 -1.26
339.57 0.51 1.74
344.25 0.73 0.74
354.11 0.74 -1.26
376.75 0.46 1.74
382.13 0.49 0.74
386.2 0.58 -0.26
413.66 0.73 1.74
423.83 0.75 -0.26
433.23 0.49 -2.26
449.92 0.49 0.74
466.57 0.68 -2.26
490.9 0.84 0.74
502.7 0.69 -1.26
524.26 0.63 1.74
533.99 0.69 -0.26
545.75 0.46 -2.26
562.65 0.6 1.74
567.11 0.5 0.74
571.93 0.81 -0.26
598.21 0.73 0.74
612.22 0.56 -2.26
