5.6 0.66 1.02
10.53 1.66 0.02
37.69 0.36 1.02
43.19 0.34 0.02
47.59 1.36 -0.98
71.9 0.69 1.02
77.55 0.37 0.02
107.95 0.91 1.02
119.45 0.46 -0.98
141.07 0.79 1.02
150.86 2.63 -0.98
173.11 0.6 1.02
184.68 0.71 -0.98
205.9 0.39 2.02
211.94 0.48 1.02
217.6 0.5 0.02
247.29 0.55 1.02
262.26 0.51 -1.98
284.68 0.72 0.02
293.51 0.95 -1.98
310.45 1.65 1.02
320.45 0.41 -0.98
342.35 0.54 2.02
348.08 0.85 1.02
353.29 1.53 0.02
362.13 0.6 -1.98
380.76 0.43 1.02
394.67 0.38 -1.98
417.82 0.44 0.02
427.01 0.41 -1.98
442.92 0.38 2.02
453.25 0.39 0.02
461.86 0.29 -1.98
480.55 0.51 2.02
485.93 0.89 1.02
491.39 0.93 0.02
500.42 1.08 -1.98
516.98 0.43 1.02
528.47 0.42 -0.98
533.01 0.48 -1.98
550.28 0.53 2.02
558.75 0.44 0.02
568.92 0.54 -1.98
588.19 0.47 1.02
598.92 0.61 -0.98
