6.4 0.56 0.97
16.72 0.4 -1.03
84.65 0.41 -0.03
93.87 0.36 -2.03
161.09 0.36 0.97
166.53 0.6 -0.03
177.62 0.51 -2.03
194.31 0.53 1.97
206.13 0.43 -0.03
234.62 0.68 0.97
245.19 0.61 -1.03
267.31 1.03 0.97
281.97 0.46 -2.03
298.51 0.37 1.97
309.77 0.81 -0.03
319.46 0.33 -2.03
371.12 0.47 0.97
380.91 0.41 -1.03
404.17 0.78 0.97
414.17 0.45 -1.03
435.71 0.95 0.97
444.63 0.7 -1.03
466.7 0.45 1.97
476.95 0.43 -0.03
488.09 0.43 -2.03
505.7 0.48 1.97
511.19 0.36 0.97
521.31 0.41 -1.03
543.98 0.35 1.97
548.55 0.39 0.97
563.65 0.42 -2.03
580.35 0.35 0.97
589.87 0.49 -1.03
