7.61 0.72 0.88
18.48 1.6 -1.12
54.39 3.04 0.88
59.56 1.15 0.88
69.34 0.89 -1.12
91.96 0.67 1.88
97.7 0.57 0.88
102.99 0.63 -0.12
128.46 0.79 1.88
133.22 0.86 0.88
143.06 0.95 -1.12
164.29 0.66 0.88
173.79 0.99 -1.12
177.96 0.65 -2.12
200.92 0.6 -0.12
211.65 0.8 -2.12
228.61 0.75 0.88
232.68 2.15 -0.12
238.39 0.89 -1.12
260.71 1.35 1.88
266.34 0.73 0.88
275.42 0.58 -1.12
297.2 1.75 0.88
307.7 0.65 -1.12
413.65 0.68 0.88
423.45 1.18 -1.12
446.41 0.95 0.88
458.05 0.65 -1.12
485.41 1.09 -0.12
495.66 0.54 -2.12
510.83 1.48 1.88
516.14 0.73 0.88
524.73 0.72 -1.12
