5.53 1 1.95
11.14 0.71 0.95
27.5 0.45 -2.05
43.42 0.61 1.95
48.86 0.84 0.95
59.65 0.73 -1.05
82.43 0.51 1.95
95.77 0.55 -1.05
119.23 0.63 0.95
127.71 0.66 -1.05
149.77 1.48 0.95
160.43 0.51 -1.05
186.91 0.7 -0.05
195.87 0.65 -2.05
212.51 0.78 1.95
218.16 0.79 0.95
229.56 0.66 -1.05
253.91 0.48 0.95
265.28 0.5 -1.05
289.56 0.81 1.95
300.01 0.71 -0.05
309.19 0.56 -2.05
332 0.9 0.95
340.21 0.61 -1.05
367.97 0.73 0.95
373.29 0.67 -0.05
377.35 0.72 -1.05
399.42 1.17 0.95
409.44 0.83 -1.05
431.76 0.61 0.95
442.37 0.58 -1.05
464.2 1.07 0.95
473.7 1.16 -1.05
497.27 0.97 0.95
506.35 0.96 -1.05
510.6 0.93 -2.05
529.17 0.45 0.95
538.85 0.53 -1.05
560.79 0.84 1.95
571.98 0.86 -0.05
582.85 1.05 -2.05
598.56 1.19 0.95
607.7 0.83 -1.05
