7.06 1.39 1.94
11.94 0.66 0.94
16.91 0.6 -0.06
21.28 0.54 -1.06
47.13 0.81 -0.06
55.64 0.68 -2.06
76.99 0.56 -0.06
105.26 1.17 0.94
115.7 0.85 -1.06
139.26 2.98 0.94
148.63 1.09 -1.06
171.66 1.4 0.94
187.15 0.56 -2.06
206.13 1.14 0.94
217.1 1.85 -1.06
239.63 0.8 0.94
249.43 1.08 -1.06
272.72 0.75 0.94
284.38 1.23 -1.06
389.93 0.75 1.94
399.8 0.76 -0.06
411.19 0.76 -2.06
430.53 0.95 1.94
441.06 0.71 -0.06
452.01 0.78 -2.06
470.55 0.83 0.94
482.35 0.64 -1.06
504.87 0.89 1.94
509.84 0.63 0.94
520.41 0.73 -1.06
542.88 0.7 0.94
553.88 0.8 -1.06
575.96 0.68 1.94
581.14 0.75 0.94
596.21 0.93 -2.06
