7.49 0.53 1.77
17.47 0.56 -0.23
29.44 0.62 -2.23
86.37 2.36 0.77
101.93 1.25 -1.23
123.95 0.41 0.77
132.56 0.85 -1.23
194.02 0.57 1.77
210 0.8 -1.23
231.77 0.66 0.77
240.15 0.8 -1.23
306.04 0.97 0.77
315.77 0.5 -1.23
337.63 0.4 0.77
348.13 0.61 -1.23
419.12 1.3 0.77
424.28 0.58 -0.23
451.33 1.22 1.77
456.49 0.93 0.77
471.25 0.59 -2.23
488.66 0.6 1.77
493.18 0.6 0.77
503.09 0.45 -1.23
527.02 0.61 0.77
537.31 0.42 -1.23
559.21 1.55 1.77
569.12 0.85 -0.23
580.23 1.8 -2.23
596.53 2.24 1.77
600.6 0.74 0.77
609.62 0.49 -1.23
