6.91 3.06 1.94
11.85 2.24 1.94
28.12 0.96 -1.06
33.8 3.05 -2.06
39.66 0.33 -2.06
190.37 0.72 0.94
195.06 1.19 -0.06
206.84 0.79 -2.06
223.64 0.64 0.94
227.71 0.99 -0.06
237.15 0.77 -2.06
254.14 1.03 0.94
265.1 0.69 -1.06
286.97 2.44 1.94
292.06 0.9 0.94
301.11 0.57 -1.06
381.28 0.58 -0.06
391.22 1.16 -2.06
446.91 0.55 1.94
456.54 0.78 -0.06
467.69 0.44 -2.06
483.35 1.35 1.94
488.47 0.53 0.94
494.04 0.75 -0.06
523.6 0.75 1.94
528.37 0.63 0.94
538.68 2.12 -1.06
561.38 0.64 1.94
567.32 1.14 0.94
578.82 0.9 -1.06
583.75 1.19 -2.06
