30.55 3.04 0.08
36.03 0.58 0.08
50.83 1.28 -1.92
66.73 0.83 2.08
80.52 0.7 -0.92
85.39 0.56 -1.92
103.25 1.03 1.08
117.69 0.5 -1.92
134.26 2.77 1.08
150.58 1.03 -0.92
173.89 0.9 2.08
183.04 0.67 0.08
187.83 0.92 -0.92
192.98 1.05 -1.92
209.87 0.67 1.08
215.27 0.52 0.08
328.67 1.5 1.08
332.75 3.04 0.08
349.32 0.58 -1.92
365.97 0.62 2.08
371.16 0.99 1.08
380.24 0.88 -0.92
400.77 2.27 2.08
416.85 0.7 -0.92
438.47 0.72 1.08
447.8 0.59 -0.92
469.55 2.71 1.08
479.34 0.79 -0.92
502.15 0.71 1.08
506.61 0.58 0.08
510.83 0.7 -0.92
533.85 0.57 1.08
542.9 0.68 -0.92
565.81 1.5 1.08
579.39 1.85 -1.92
595.78 0.59 2.08
605.2 0.91 0.08
615.16 0.7 -1.92
