5.32 0.76 1.81
10.08 0.8 0.81
20.51 0.5 -1.19
40.15 0.56 1.81
49.45 0.49 -0.19
59.54 1.21 -2.19
77.99 0.64 0.81
86.53 0.9 -1.19
107.77 0.52 0.81
116.68 0.75 -1.19
138.05 0.55 1.81
142.81 0.54 0.81
153.17 0.45 -1.19
177.61 0.49 1.81
189.14 0.72 -0.19
198.72 0.5 -2.19
251.46 0.45 1.81
260.82 0.6 -0.19
266.14 0.44 -1.19
271.19 0.35 -2.19
288.22 0.52 1.81
298.15 0.46 -0.19
307.68 0.56 -2.19
324.57 0.52 0.81
339.95 0.49 -2.19
358.3 0.48 0.81
362.49 0.59 -0.19
397.68 0.45 0.81
407.64 0.55 -1.19
431.33 0.52 1.81
435.82 0.47 0.81
440.46 0.42 -0.19
466.1 0.71 1.81
471.09 1.23 0.81
480.78 0.76 -1.19
501.82 0.67 0.81
511.68 0.46 -1.19
534.47 0.71 1.81
544.18 0.5 -0.19
555.78 0.47 -2.19
571.76 0.66 1.81
583.61 0.56 -0.19
592.67 0.52 -2.19
