54.54 0.69 2.06
65.62 0.66 0.06
74.96 0.59 -1.94
91.79 0.6 2.06
96.13 0.46 1.06
111.03 0.58 -1.94
177.28 0.8 2.06
183.1 0.87 1.06
193.13 0.86 -0.94
219.44 2.13 1.06
229.6 0.79 -0.94
234.96 0.63 -1.94
251.81 0.62 1.06
261.58 0.47 -0.94
283.94 0.5 1.06
293.65 1.52 -0.94
317.01 2.06 2.06
332.88 1.03 0.06
342.97 1.22 -1.94
359.12 0.83 2.06
370.96 0.74 0.06
381.31 0.95 -1.94
398.71 1.82 1.06
404.32 1.33 0.06
414.84 0.72 -1.94
432.34 0.65 2.06
443.34 0.68 0.06
452.31 0.49 -1.94
469.45 0.76 1.06
478.31 0.47 -0.94
482.49 0.52 -1.94
543.5 0.67 1.06
554.61 0.74 -0.94
579.25 0.55 1.06
589.56 0.68 -0.94
