5.93 0.91 1.64
17.02 0.6 -0.36
26.52 0.77 -2.36
42.87 0.84 0.64
48.02 0.84 -0.36
77.52 0.82 0.64
86.8 0.71 -1.36
109.59 0.73 1.64
114.49 0.7 0.64
125.74 1.05 -1.36
147.95 0.78 0.64
156.99 0.91 -1.36
177.59 0.7 0.64
186.99 0.73 -1.36
208.11 0.97 1.64
212.99 0.94 0.64
222.63 0.69 -1.36
285.42 1.52 1.64
291.37 0.79 0.64
302.25 0.72 -1.36
323.9 0.93 1.64
328.37 0.83 0.64
334.21 0.78 -0.36
343.45 0.93 -2.36
409.25 0.65 0.64
420.2 0.8 -1.36
443.07 0.77 0.64
448.71 0.82 -0.36
475.09 0.68 1.64
479.93 0.82 0.64
491.98 0.97 -1.36
514.3 0.86 0.64
526.26 0.68 -1.36
548.79 0.61 1.64
553.77 0.77 0.64
564.59 0.57 -1.36
