65.48 0.78 0.95
76.49 1.06 -1.05
99.33 0.46 0.95
104.4 0.55 -0.05
113.73 0.85 -2.05
130.95 0.62 1.95
135.93 0.65 0.95
146.02 0.69 -1.05
165.8 0.42 0.95
171.51 0.62 -0.05
181.66 1.17 -2.05
199.82 0.81 0.95
210.34 0.68 -1.05
216.03 0.74 -2.05
232.25 0.57 1.95
242.89 0.47 -0.05
253.53 0.58 -2.05
281.24 1.04 0.95
290.85 0.48 -1.05
312.94 0.4 1.95
317.38 0.56 0.95
323.01 0.5 -0.05
356.05 0.43 0.95
360.36 0.6 -0.05
364.46 0.68 -1.05
386.4 0.41 1.95
391.42 0.42 0.95
397.22 1.37 -0.05
408.5 0.49 -2.05
425.13 0.47 1.95
430.68 0.55 0.95
441.76 0.72 -1.05
520.27 0.65 0.95
525.86 0.54 -0.05
530.44 0.68 -1.05
553.56 0.65 1.95
569.1 0.53 -1.05
573.36 0.59 -2.05
591.44 0.56 0.95
606.24 1.44 -2.05
