6.6 3.05 1.93
12.13 2.38 0.93
38.48 1.73 -1.07
63.08 0.94 1.93
68.14 1.41 0.93
78.17 3.04 -1.07
82.25 0.81 -1.07
105.34 0.83 0.93
120.36 0.51 -2.07
138.3 1.02 1.93
148.46 1.23 -0.07
176.8 1.33 0.93
191.83 0.48 -2.07
208.61 1.12 1.93
213.73 0.94 0.93
225.51 1.05 -1.07
247.66 2.79 0.93
257.25 1.81 -1.07
278.22 1.61 1.93
292.71 0.96 -1.07
297.41 1.11 -2.07
315.94 1.33 1.93
326.73 1.34 -0.07
357.99 1.26 0.93
368.88 1.13 -1.07
374.31 0.53 -2.07
390.46 0.92 0.93
395.92 1.47 -0.07
425.24 0.99 0.93
430.83 1.04 -0.07
457.69 0.96 0.93
468.94 0.96 -1.07
489.89 0.6 0.93
505.94 1.14 -2.07
522.46 0.79 0.93
538.25 0.77 -2.07
555.1 0.92 0.93
565.56 0.59 -1.07
585.84 0.96 1.93
595.89 0.9 -0.07
601.6 1.09 -1.07
605.97 1.39 -2.07
