5.33 3.15 0.89
10.18 3.12 0.89
15.86 3.12 0.89
20.91 3.1 0.89
26.27 0.86 0.89
42.97 1.28 -1.11
69.29 1.33 0.89
83.46 1.13 -2.11
107.21 1.72 0.89
118.96 1.4 -1.11
124.03 1.94 -2.11
147.47 2.86 0.89
162.83 0.85 -2.11
180.6 2.53 0.89
185.48 1.12 -0.11
190.98 1.16 -1.11
220.11 0.86 -0.11
247.67 2.97 1.89
253.13 1.01 0.89
268.87 0.68 -2.11
285.51 3.12 0.89
290.65 3.12 0.89
296.18 0.47 0.89
306.14 0.97 -1.11
329.39 0.86 0.89
345.47 0.57 -2.11
364.73 2.13 0.89
378.86 1.15 -2.11
396.1 3.12 0.89
401.55 3.11 0.89
407.07 1.07 0.89
417.42 1.97 -1.11
444.86 2.29 1.89
454.31 0.72 -0.11
463.52 0.52 -2.11
479.89 1.57 0.89
489.79 0.76 -1.11
511.78 3.11 1.89
516.08 1.03 1.89
530.11 1.67 -0.11
541.22 0.83 -2.11
558.37 1.41 1.89
568.05 0.63 -0.11
577.68 1.28 -2.11
595.3 2.46 0.89
604.69 0.82 -1.11
