5.86 0.48 1.9
15.78 1.07 -0.1
24.49 0.6 -2.1
41.3 0.66 0.9
50.79 0.55 -1.1
70.05 0.62 1.9
74.73 0.74 0.9
84.43 1.03 -1.1
105.77 0.99 1.9
111.81 0.77 0.9
125.82 0.8 -2.1
195.08 0.61 0.9
206.84 0.65 -1.1
229.19 0.59 0.9
239.38 0.46 -1.1
268.63 0.89 0.9
274.06 0.6 -0.1
279.61 0.73 -1.1
300.14 0.46 0.9
310.31 0.7 -1.1
335 0.44 1.9
340.77 0.66 0.9
354.31 0.84 -2.1
372.66 0.71 1.9
383.64 0.92 -0.1
393.33 0.71 -2.1
411.39 0.39 0.9
417.27 0.33 -0.1
444.74 0.49 1.9
454.82 0.56 -0.1
465.68 0.89 -2.1
482.49 0.43 0.9
490.96 0.55 -1.1
513.74 0.52 1.9
524.17 1.14 -0.1
534.2 0.89 -2.1
551.28 0.66 0.9
561.55 0.71 -1.1
583.01 0.84 0.9
599.59 0.62 -2.1
