11.16 0.78 0.93
16.21 0.65 -0.07
20.46 0.99 -1.07
79.98 0.89 1.93
89.78 0.64 -0.07
99.65 0.71 -2.07
116.41 1.07 0.93
126.86 0.73 -1.07
147.17 0.74 0.93
151.36 0.84 -0.07
160.96 0.63 -2.07
176.5 0.79 0.93
189.93 1.02 -2.07
207.74 0.71 1.93
212.29 0.84 0.93
217.79 0.77 -0.07
227.61 0.55 -2.07
245.3 0.88 1.93
255.66 0.81 -0.07
265.22 0.79 -2.07
282.23 0.78 0.93
287.89 0.79 -0.07
314.78 0.71 1.93
325.67 0.9 -0.07
334.34 0.66 -2.07
350.97 0.78 0.93
359.91 0.57 -1.07
382.08 0.64 1.93
386.65 0.75 0.93
401.61 0.93 -2.07
457.33 0.84 0.93
472.69 0.75 -2.07
489.4 0.81 0.93
499.18 0.54 -1.07
520.07 0.71 0.93
534 0.78 -2.07
551.14 0.83 1.93
557.02 0.74 0.93
566.88 0.95 -1.07
589.45 0.79 1.93
594.01 1.28 0.93
603.82 0.8 -1.07
