62.02 1.2 2.03
72.13 1 0.03
80.41 1.01 -1.97
98.16 0.77 1.03
109.04 0.92 -0.97
132.22 0.8 2.03
141.01 0.99 0.03
155.43 1.07 -1.97
172.85 0.76 2.03
181.85 0.95 0.03
191.2 1.13 -1.97
209.04 0.85 1.03
220.09 0.89 -0.97
242.54 1.19 2.03
252.1 0.95 0.03
263.33 0.69 -1.97
281.9 0.79 1.03
298.2 0.8 -1.97
314.69 0.82 2.03
325.25 0.74 0.03
360.22 1.18 1.03
374.85 0.69 -1.97
397.83 2.6 1.03
408.5 1.02 -0.97
431.65 1.14 1.03
442.92 1.05 -0.97
466.94 0.62 1.03
472.87 0.91 0.03
500.98 1.96 2.03
510.7 1.01 0.03
521.29 0.85 -1.97
543.47 0.62 1.03
551.96 0.46 -0.97
556.54 1.36 -1.97
573.52 1.6 1.03
584.2 0.96 -0.97
