6.93 1.42 1.92
12.77 0.91 0.92
26.87 0.73 -2.08
93.32 0.71 0.92
104.65 0.79 -1.08
165.94 0.89 1.92
177.15 1.33 -0.08
187.09 1.39 -2.08
202.92 0.74 0.92
212.2 1.13 -1.08
232.9 0.74 0.92
244.4 1.21 -1.08
266.86 0.75 0.92
272.08 1.59 -0.08
281.29 0.9 -2.08
299.58 2.15 0.92
310.26 1.21 -1.08
331.59 0.91 0.92
340.97 1.64 -1.08
361.8 0.74 1.92
365.93 0.74 0.92
379.6 1.07 -2.08
398.35 0.93 0.92
404.33 1.46 -0.08
433.53 0.79 0.92
444.85 0.82 -1.08
467.06 0.87 0.92
478.05 0.83 -1.08
499.87 0.66 0.92
504.37 1.01 -0.08
509.89 1.01 -1.08
530.97 1.05 1.92
535.06 0.88 0.92
548.26 3.02 -2.08
564.26 1.03 0.92
573.73 0.95 -1.08
602.78 2.68 0.92
607.94 1.19 -0.08
613.94 0.81 -1.08
