6.35 0.48 1.09
11.95 0.65 0.09
43.02 0.59 2.09
47.71 0.5 1.09
53.19 0.62 0.09
64.34 1.54 -1.91
82.52 1.35 2.09
93.5 0.59 0.09
104.68 0.59 -1.91
121.12 0.49 2.09
126.05 0.61 1.09
141.45 0.74 -1.91
157.98 1.1 1.09
172.83 0.85 -1.91
189.51 1.79 2.09
202.91 0.61 -0.91
208.62 0.99 -1.91
230.54 1.27 1.09
239.82 1.09 -0.91
263.4 0.97 1.09
269.21 0.72 0.09
294.96 0.5 1.09
304.87 1.01 -0.91
325.25 0.56 1.09
330.82 0.46 0.09
339.81 0.73 -1.91
357.72 0.67 2.09
368.37 1.14 0.09
379.76 0.58 -1.91
431.58 0.47 1.09
442.01 1.02 -0.91
464.71 0.57 1.09
469.48 0.73 0.09
475.44 0.76 -0.91
501.74 0.73 1.09
516.28 0.73 -1.91
534.44 0.54 2.09
544.52 0.65 0.09
555.31 1.09 -1.91
571.3 0.65 1.09
580 0.8 -0.91
585.32 1.19 -1.91
609.02 0.85 1.09
619.03 0.61 -0.91
623.28 0.59 -1.91
