5.31 1.44 1.9
14.37 0.55 -0.1
24.54 0.55 -2.1
41.95 0.67 0.9
57.74 0.8 -2.1
74.23 1.36 0.9
85.44 0.65 -1.1
108.03 0.73 0.9
112.71 0.67 -0.1
141.87 0.59 1.9
151.96 0.69 -0.1
177.58 2.05 1.9
188.03 0.65 -0.1
197.65 0.5 -2.1
217.23 0.64 1.9
221.41 0.51 0.9
232.11 0.52 -1.1
298.15 1.64 0.9
303.73 0.74 -0.1
314.37 0.54 -2.1
338.41 0.64 0.9
349.38 1.75 -1.1
369.64 1.96 0.9
384.99 0.87 -2.1
400.89 0.63 0.9
410.4 0.56 -1.1
432.63 1.51 1.9
442.98 0.43 -0.1
454.54 0.54 -2.1
470.99 1.58 1.9
476.31 0.79 0.9
487.03 0.61 -1.1
509.01 1.25 1.9
520.48 0.68 -0.1
530.66 0.77 -2.1
547.2 1.21 0.9
556.48 0.56 -1.1
578.62 0.65 0.9
589.63 0.5 -1.1
