6.73 0.47 1.9
16.72 0.41 -0.1
22.02 0.48 -1.1
26.48 1.2 -2.1
44.12 0.61 0.9
48.41 1.37 -0.1
107.74 1.23 0.9
117.22 1.08 -1.1
136.75 0.59 1.9
147.8 0.65 -0.1
157.89 0.5 -2.1
176.3 0.65 1.9
185.69 0.76 -0.1
196.44 1.6 -2.1
212.38 1.04 0.9
227.71 1.42 -2.1
242.97 0.64 1.9
247.07 0.52 0.9
252.07 0.6 -0.1
280.21 0.81 0.9
288.69 1.03 -1.1
316.01 1.46 0.9
321.19 0.51 -0.1
326.58 0.77 -1.1
347.66 0.63 1.9
351.82 1.36 0.9
362.52 0.67 -1.1
385.52 0.63 1.9
389.9 0.89 0.9
399.85 0.94 -1.1
422.19 0.8 0.9
433.78 0.94 -1.1
455.64 0.62 0.9
470.94 1.03 -2.1
525.68 0.68 1.9
536.29 0.73 -0.1
545.68 2.19 -2.1
560.62 0.88 1.9
571.57 1.59 -0.1
581.07 0.57 -2.1
598.58 0.74 0.9
617.9 0.83 -2.1
