5.17 2.97 2.05
15.97 0.64 0.05
20.93 1.05 -0.95
26.7 0.59 -1.95
43.84 0.72 2.05
48.59 1.05 1.05
58.43 0.8 -0.95
79.13 0.6 1.05
90.42 1.61 -0.95
112.19 0.89 2.05
123.43 1.92 0.05
134.34 0.99 -1.95
151.95 0.52 2.05
160.94 1.37 0.05
171.89 0.56 -1.95
189.09 0.76 1.05
193.46 0.8 0.05
204.37 1.06 -1.95
220.46 0.91 2.05
230.5 0.63 0.05
239.94 0.83 -1.95
259.37 0.38 1.05
274 0.87 -1.95
292.38 0.45 1.05
307.09 0.58 -1.95
330.16 1.35 1.05
340.91 0.48 -0.95
364.36 3.04 1.05
370.14 1.03 1.05
385.2 0.49 -1.95
401.64 1.27 2.05
412.69 0.89 0.05
421.51 0.71 -1.95
485.43 0.5 1.05
494.94 0.61 -0.95
517.17 0.64 2.05
521.51 0.43 1.05
533.01 0.71 -0.95
557.14 0.41 2.05
565.53 0.37 0.05
576.55 0.73 -1.95
594.81 0.33 1.05
604.64 0.6 -0.95
609.23 0.82 -1.95
