7.49 0.81 0.88
13.5 0.95 -0.12
40.14 0.85 1.88
44.83 1.97 0.88
61.96 1.52 -2.12
79.15 1.62 1.88
89.48 1.72 -0.12
98.56 0.84 -2.12
115.35 1.3 0.88
132.13 0.72 -2.12
149.19 0.91 1.88
158.76 0.76 -0.12
167.94 0.63 -2.12
185.42 0.9 0.88
201.35 0.83 -2.12
220.28 0.69 0.88
224.57 0.63 -0.12
229.26 0.43 -1.12
252.31 1.05 1.88
257.07 1.02 0.88
269.01 0.96 -1.12
292.42 0.52 1.88
302.81 1.19 -0.12
312.07 0.75 -2.12
330.48 0.7 1.88
335.35 0.96 0.88
346.87 0.86 -1.12
369.84 0.8 0.88
380.52 0.78 -1.12
477.27 0.77 1.88
482.91 1.05 0.88
487.24 1.17 -0.12
497.56 1.1 -2.12
515.85 0.75 1.88
525.02 1.14 -0.12
534.39 0.99 -2.12
552.3 0.74 1.88
556.92 0.91 0.88
562.93 0.78 -0.12
573.29 1.23 -2.12
589.39 0.78 0.88
595.11 0.96 -0.12
604.89 1.43 -2.12
