6.76 0.43 0.95
16.28 0.43 -1.05
36.4 0.58 0.95
47.72 0.63 -1.05
68.31 2.43 0.95
78.58 0.64 -1.05
100.6 0.34 0.95
111.15 0.4 -1.05
135.42 0.38 0.95
145.87 0.71 -1.05
166.68 0.4 1.95
177.49 0.34 -0.05
187.45 0.46 -2.05
204.05 0.34 1.95
209.54 0.33 0.95
219.13 0.4 -1.05
240.53 0.55 1.95
251.95 0.33 -0.05
260.67 0.38 -2.05
277.03 0.42 1.95
292.2 0.37 -1.05
315.33 1.29 0.95
324.92 0.4 -1.05
350.71 0.69 -0.05
361.67 0.35 -2.05
379.83 0.38 0.95
384.65 0.38 -0.05
414.46 0.78 0.95
423.32 0.42 -1.05
427.93 0.37 -2.05
447.46 0.4 1.95
453.3 0.4 0.95
459.21 0.45 -0.05
469.19 0.45 -2.05
490.95 0.57 0.95
501.57 0.37 -1.05
524.08 1.14 0.95
533.86 0.43 -1.05
554.12 1.54 1.95
569.68 0.41 -1.05
592.86 0.42 0.95
603.34 0.38 -1.05
