5.43 0.59 0.95
15.41 0.6 -1.05
38.39 0.45 1.95
44.4 0.91 0.95
60.42 0.53 -2.05
138.59 0.46 1.95
148.35 0.48 -0.05
158.26 0.67 -2.05
175.89 0.53 1.95
186.87 0.45 -0.05
197.46 0.5 -2.05
215.03 0.46 0.95
225.4 0.47 -1.05
247.99 0.42 0.95
253.26 0.49 -0.05
257.91 1.25 -1.05
279.3 0.59 1.95
290.73 0.43 -0.05
295.27 0.52 -1.05
299.89 0.47 -2.05
320.7 0.78 0.95
331.68 0.67 -1.05
351.98 0.44 1.95
361.03 0.52 -0.05
370.98 0.55 -2.05
388.42 0.48 1.95
398.59 0.46 -0.05
403.3 0.47 -1.05
407.59 0.47 -2.05
425.58 0.4 1.95
435.19 0.49 -0.05
462.97 0.41 1.95
468.93 0.45 0.95
484.41 0.58 -2.05
501.22 0.59 0.95
517.24 0.73 -2.05
534.76 0.44 0.95
540.64 0.62 -0.05
569.49 0.48 0.95
579.49 0.9 -1.05
600.69 0.57 1.95
610.51 1.59 -0.05
619.98 0.62 -2.05
