5.75 0.72 0.84
16.09 0.56 -1.16
41.39 0.55 -0.16
50.89 0.54 -2.16
68.43 1.17 1.84
73.51 0.65 0.84
79.46 0.49 -0.16
89.83 0.46 -2.16
105.57 0.67 1.84
115.21 0.95 -0.16
124.73 0.64 -2.16
140.05 0.62 1.84
149.53 0.67 -0.16
159.55 0.43 -2.16
176.43 2.14 1.84
181.18 1.03 0.84
189.65 0.52 -1.16
194.32 0.62 -2.16
212.63 0.76 1.84
218.51 0.77 0.84
228.61 0.55 -1.16
252.9 0.51 0.84
262.61 0.47 -1.16
284.98 1.24 1.84
294.63 0.61 -0.16
304.55 0.67 -2.16
320.97 0.64 1.84
325.09 1.26 0.84
340.04 0.61 -2.16
358.18 1.24 0.84
367.73 1.56 -1.16
389.36 3.04 1.84
393.53 0.72 1.84
401.84 3.04 -0.16
406.98 1.04 -0.16
417.65 0.54 -2.16
510.78 0.81 1.84
516.59 0.63 0.84
531.91 0.47 -2.16
549.92 0.7 1.84
554.85 0.62 0.84
565.94 0.46 -1.16
587.15 1.36 1.84
596.86 0.53 -0.16
607.39 0.51 -2.16
