6.76 0.66 0.93
12.06 0.48 -0.07
41.49 0.37 1.93
47.1 0.53 0.93
52.34 0.57 -0.07
80.8 0.62 0.93
91.37 0.62 -1.07
113.85 0.68 0.93
123.63 0.64 -1.07
128.79 0.99 -2.07
146.33 0.85 1.93
150.38 0.55 0.93
155.03 0.7 -0.07
164.06 0.7 -2.07
180.08 1.5 0.93
189.04 0.51 -1.07
249.78 0.93 0.93
266.07 0.7 -2.07
288.04 0.49 0.93
293.11 0.66 -0.07
297.89 0.52 -1.07
318.67 0.93 0.93
328.42 0.53 -1.07
349.68 0.66 1.93
355.56 0.61 0.93
360.14 0.51 -0.07
387.33 1.15 1.93
397.83 0.77 -0.07
409.28 0.96 -2.07
428.3 0.49 0.93
437.92 0.57 -1.07
459.12 0.53 0.93
465.05 0.53 -0.07
475.59 0.68 -2.07
492.11 1.12 0.93
508.77 1.38 -2.07
531.22 1.47 0.93
541.67 0.59 -1.07
563.12 0.69 1.93
567.85 0.59 0.93
578.05 0.49 -1.07
603.63 0.84 -0.07
613.24 1.44 -2.07
