5.66 0.75 1.82
10.59 0.8 0.82
20.57 0.87 -1.18
40.12 1.8 1.82
50.84 0.74 -0.18
60.28 0.59 -2.18
76.9 0.67 1.82
82.11 0.71 0.82
92.11 0.74 -1.18
113.1 0.6 0.82
129.61 0.74 -2.18
145.56 1.49 0.82
155.84 0.55 -1.18
179.71 0.68 0.82
189.46 0.79 -1.18
212.66 0.64 1.82
222.84 0.73 -0.18
232.89 0.83 -2.18
250.23 0.55 0.82
255.06 1.21 -0.18
282.42 1.47 1.82
287.66 0.8 0.82
297.43 0.49 -1.18
320.51 0.72 0.82
336.62 0.68 -2.18
354.38 0.57 0.82
365.16 0.54 -1.18
388.29 1.69 1.82
392.73 1.85 0.82
401.59 0.84 -1.18
424.6 2.63 0.82
434.93 0.64 -1.18
460.49 1.31 0.82
469.91 0.52 -1.18
491.09 1.66 1.82
501.49 0.79 -0.18
512 0.9 -2.18
530.57 0.52 1.82
535.29 0.65 0.82
550.77 0.82 -2.18
566.54 1.13 0.82
577.29 0.61 -1.18
598.71 1.44 0.82
609.11 0.81 -1.18
