37.6 0.51 1.95
47.5 0.67 -0.05
58.56 0.64 -2.05
75.85 0.61 1.95
84.33 0.51 -0.05
113 0.4 1.95
117.39 0.74 0.95
134.41 0.6 -2.05
151.24 0.44 0.95
161.85 0.6 -1.05
217.4 0.62 0.95
232.18 1.08 -2.05
249.16 1.4 1.95
262.87 0.91 -1.05
268.62 1.17 -2.05
285.14 0.73 0.95
295.18 1.06 -1.05
317.08 0.75 1.95
322.4 0.74 0.95
332.24 0.49 -1.05
396.17 0.61 0.95
400.38 0.66 -0.05
405.53 0.65 -1.05
427.58 0.61 0.95
436.43 0.69 -1.05
459.56 0.59 0.95
464.54 1.19 -0.05
468.67 1.24 -1.05
488.41 0.72 1.95
494.38 0.63 0.95
505.39 0.45 -1.05
534.05 0.8 -0.05
544.06 0.73 -2.05
562.52 0.69 1.95
579.19 0.35 -1.05
585.2 0.59 -2.05
602.44 0.49 1.95
612.02 1.05 -0.05
621.8 0.65 -2.05
