8.05 1.27 1.05
13.32 0.8 0.05
18.08 0.88 -0.95
74.69 1.2 2.05
79.51 0.93 1.05
90.23 0.77 -0.95
111.98 0.98 1.05
122.94 0.96 -0.95
144.44 0.96 1.05
155.64 1.85 -0.95
185.48 0.86 0.05
195.87 0.49 -1.95
212.34 2.32 1.05
216.43 0.91 0.05
226.52 0.7 -1.95
243.29 1.12 1.05
247.96 0.62 0.05
252.48 0.65 -0.95
274.04 1.3 1.05
290.25 0.65 -1.95
309.53 0.87 2.05
315.44 0.93 1.05
330.5 0.67 -1.95
348.06 0.8 1.05
359.04 1.12 -0.95
382.99 1.78 1.05
393.38 0.77 -0.95
414.58 1.32 2.05
426 0.85 0.05
435.54 1.26 -1.95
452.03 1.24 1.05
462.77 0.62 -0.95
483.45 0.98 2.05
493.06 0.94 0.05
503.5 0.9 -1.95
521.84 1.51 1.05
527.27 0.83 0.05
537.14 1.49 -1.95
555.35 0.87 2.05
564.8 0.98 0.05
573.26 0.81 -1.95
589.73 0.83 2.05
601.03 0.92 0.05
611.13 0.92 -1.95
