6.68 1.96 1.95
16.77 0.76 -0.05
28.32 0.81 -2.05
44.48 0.41 0.95
54.82 0.35 -1.05
60.26 0.62 -2.05
75.93 0.65 0.95
85.52 0.79 -1.05
107.78 1.52 0.95
118.01 0.6 -1.05
145.15 0.92 0.95
160.44 3.04 -1.05
166.35 0.44 -1.05
187.43 0.45 0.95
199.13 0.65 -1.05
219.48 0.89 0.95
224.73 0.45 -0.05
249.29 0.66 0.95
260.46 0.7 -1.05
281.18 1.14 0.95
291.94 0.61 -1.05
316.32 0.52 0.95
321.94 0.96 -0.05
331.02 0.76 -2.05
347.87 1.24 0.95
362.59 1.46 -2.05
380.28 0.61 1.95
386.08 0.94 0.95
395.19 0.37 -1.05
417.66 1.46 1.95
423.51 0.93 0.95
431.98 0.82 -1.05
454.69 1.08 0.95
463.97 1.17 -1.05
485.73 2.12 1.95
494.84 0.67 -0.05
504.61 0.69 -2.05
521.7 1.18 0.95
525.77 1.04 -0.05
552.14 0.62 0.95
563.41 0.59 -1.05
585.16 0.57 0.95
590.51 0.51 -0.05
