6.35 0.62 1.3
16.5 1.3 -0.7
22.18 0.75 -1.7
43.33 0.81 1.3
53.95 0.98 -0.7
58.85 0.9 -1.7
75.89 1.31 1.3
81.81 0.86 0.3
86.45 0.92 -0.7
161.23 2.37 1.3
170.79 0.41 -0.7
175.92 0.7 -1.7
197.23 0.45 1.3
205.96 0.53 -0.7
276.08 2 1.3
287.28 0.76 -0.7
307.05 0.56 1.3
322.05 1.11 -1.7
337.93 1.81 1.3
347.68 0.5 -0.7
352.86 0.56 -1.7
371.19 0.46 1.3
382.08 0.53 -0.7
408.59 1.12 1.3
417.61 0.51 -0.7
439.26 0.52 2.3
450.35 2.58 0.3
460.16 2.63 -1.7
543.56 0.46 1.3
553.06 0.65 -0.7
575.92 0.76 2.3
591.46 0.45 -0.7
596.47 0.63 -1.7
