7.05 0.58 1.82
16.32 0.52 -0.18
21.15 0.45 -1.18
25.29 0.92 -2.18
42.7 1.98 1.82
51.71 0.45 -0.18
60.91 0.44 -2.18
127.1 0.43 1.82
131.53 0.42 0.82
137.39 1.38 -0.18
147.64 0.46 -2.18
164.72 0.38 1.82
169.04 0.41 0.82
178.98 0.42 -1.18
199.24 0.51 1.82
209.79 0.38 -0.18
215.71 0.43 -1.18
220.53 0.44 -2.18
236.94 0.65 1.82
242.95 0.8 0.82
252.6 0.59 -1.18
311.35 0.48 0.82
322.44 1.44 -1.18
342.98 0.54 1.82
348.61 0.45 0.82
357.31 0.5 -1.18
380.98 0.54 1.82
391.32 1.02 -0.18
401.72 0.41 -2.18
417.26 0.43 1.82
422.31 0.69 0.82
427.68 0.43 -0.18
454.45 0.85 0.82
464.32 1.14 -1.18
484.5 2.12 0.82
494.81 0.45 -1.18
515.65 0.45 1.82
526.39 0.49 -0.18
535.46 0.62 -2.18
550.83 0.67 1.82
561.39 0.65 -0.18
571.2 0.44 -2.18
589.31 0.45 0.82
598.54 0.42 -1.18
