6.73 0.56 1.89
10.9 1.44 0.89
20.24 0.68 -1.11
41.72 0.85 0.89
52.48 0.83 -1.11
56.91 0.56 -2.11
73.9 0.66 1.89
79.41 1 0.89
95.12 1.73 -2.11
112.55 0.48 1.89
121.87 0.65 -0.11
132.41 1 -2.11
149.32 0.47 1.89
154.19 0.79 0.89
166.11 0.6 -1.11
191.21 0.77 -0.11
201.55 0.43 -2.11
217.13 0.64 1.89
223.17 0.96 0.89
232.29 0.79 -1.11
255.85 0.49 0.89
259.97 0.83 -0.11
288.28 0.46 1.89
298.42 1.06 -0.11
307.87 0.78 -2.11
332.41 0.85 0.89
344.36 0.65 -1.11
367.57 0.57 0.89
371.81 1.09 -0.11
382.48 0.46 -2.11
399.14 1.15 1.89
403.53 0.48 0.89
409.11 0.43 -0.11
436.13 0.57 0.89
445.85 0.66 -1.11
468.59 0.69 0.89
477.4 0.14 -1.11
499.79 0.47 0.89
505.84 0.71 -0.11
516.88 0.86 -2.11
537.09 0.05 -0.11
547.37 0.68 -2.11
563.51 0.43 1.89
569.25 0.93 0.89
579.69 0.69 -1.11
604.04 0.45 0.89
614.55 0.11 -1.11
