5.12 0.83 0.86
10.79 0.86 -0.14
42.79 0.62 0.86
47.26 0.47 -0.14
53.04 0.81 -1.14
76.15 1.19 0.86
85.33 0.84 -1.14
109.93 0.7 0.86
115.96 0.71 -0.14
120.47 0.94 -1.14
140.92 0.61 1.86
151.05 1.26 -0.14
162.7 1.33 -2.14
180.04 1.96 0.86
191.35 1.17 -1.14
213.8 1.16 0.86
225.06 0.68 -1.14
251.71 0.74 0.86
256.92 0.8 -0.14
262.45 1.27 -1.14
285.34 1.68 0.86
295.73 0.92 -1.14
318.56 0.79 0.86
328.53 0.95 -1.14
352.21 0.6 1.86
357.66 0.68 0.86
368.76 0.72 -1.14
391.44 0.77 0.86
400.26 0.8 -1.14
422.35 0.66 0.86
426.71 0.85 -0.14
452.2 0.76 0.86
463.39 0.81 -1.14
484.93 1.08 0.86
496.52 0.88 -1.14
519.01 0.76 0.86
523.24 2.31 -0.14
550.4 0.74 0.86
556.37 0.76 -0.14
566.11 0.8 -2.14
584.12 0.76 1.86
589.26 0.78 0.86
593.44 0.75 -0.14
599.26 0.89 -1.14
