8.03 0.48 1.02
12.89 0.47 0.02
38.21 1.23 2.02
48.4 0.68 0.02
58.89 0.56 -1.98
75.63 0.69 2.02
86.72 1.02 0.02
92 0.54 -0.98
96.52 0.68 -1.98
113.12 1.17 1.02
128.58 0.61 -1.98
145.86 1 1.02
155.22 0.42 -0.98
175.29 1.64 2.02
185.39 0.55 0.02
194.56 0.49 -1.98
211.86 2 2.02
217.41 0.7 1.02
228.3 0.41 -0.98
250.05 0.9 1.02
260.57 0.46 -0.98
282.77 1.74 2.02
292.93 3.04 0.02
297.72 0.95 0.02
309.14 0.7 -1.98
325.81 1.16 1.02
334.36 0.98 -0.98
362.55 0.66 1.02
371.78 0.81 -0.98
392.87 1.48 1.02
402.03 0.62 -0.98
425.36 0.63 1.02
431.31 0.72 0.02
440.35 0.37 -1.98
457.34 0.54 1.02
466.66 0.43 -0.98
540.75 0.47 2.02
551.03 0.4 0.02
561.59 0.47 -1.98
579.76 2.71 2.02
588.03 1.58 0.02
593.71 0.85 -0.98
599.04 0.62 -1.98
