7.85 0.7 1.93
12.19 2.22 0.93
22.41 0.88 -1.07
45.46 0.68 1.93
55.49 0.74 -0.07
64.21 0.97 -2.07
81.68 0.85 0.93
92.71 0.7 -1.07
120.46 0.97 -0.07
131.37 0.85 -2.07
149.85 0.63 1.93
155.02 0.77 0.93
165.8 1.07 -1.07
189.02 0.84 1.93
194.47 0.61 0.93
199.77 0.98 -0.07
225.95 0.64 0.93
231.02 0.76 -0.07
241.95 0.68 -2.07
258.13 0.55 1.93
266.72 0.52 -0.07
277.17 0.48 -2.07
295.25 0.6 0.93
305.06 0.47 -1.07
309.78 0.56 -2.07
327.37 0.67 1.93
332.96 0.8 0.93
343.06 0.62 -1.07
364.64 0.76 0.93
375.67 0.67 -1.07
397.05 0.89 1.93
406.07 0.53 -0.07
412 0.5 -1.07
417.69 0.4 -2.07
433.93 0.5 0.93
443.46 1.09 -1.07
464.43 0.53 0.93
473.96 0.52 -1.07
495.69 0.46 0.93
501.69 0.43 -0.07
510.85 2.41 -2.07
563.15 0.6 0.93
568.32 0.61 -0.07
595.12 0.62 1.93
605.3 0.87 -0.07
615.55 0.58 -2.07
