5.88 0.77 2
16.22 1.09 0
26.88 0.96 -2
44.37 1.24 2
54.42 1.38 0
64.63 0.97 -2
80.86 0.71 1
96.04 0.52 -2
114.29 0.9 2
124.43 0.54 0
134.28 0.8 -2
149.3 0.82 2
154.97 0.72 1
159.39 0.83 0
163.57 1.62 -1
186.34 0.87 2
195.34 0.87 0
205.35 0.6 -2
222.13 0.91 2
232.47 1.03 0
242.68 0.81 -2
260.44 0.86 1
272.12 0.49 -1
294.72 0.64 1
304.1 0.92 -1
328.85 2.66 1
338.67 0.76 -1
363.38 0.51 1
369.12 0.78 0
379.53 0.95 -2
397.12 0.63 1
412.13 0.57 -2
429.15 1.46 2
437.59 1.44 0
446.97 0.55 -2
462.83 1.14 1
472.7 1.61 -1
493.56 1.72 2
499.03 0.85 1
509.99 0.89 -1
533.97 0.85 2
550.01 0.78 -1
555.91 1.11 -2
572.72 0.58 2
581.55 0.87 0
592.74 0.74 -2
