5.33 0.76 1.85
10.95 0.77 0.85
27 0.76 -2.15
41.83 1.04 0.85
50.32 0.69 -1.15
74.48 0.62 1.85
85.15 0.82 -0.15
111.76 0.49 1.85
122.89 1.03 -0.15
133.65 0.89 -2.15
151.42 0.66 1.85
156.78 0.74 0.85
165.69 0.72 -1.15
187.05 0.46 1.85
197.57 0.71 -0.15
224 1.14 1.85
229.63 0.71 0.85
234.15 0.97 -0.15
264.71 0.54 0.85
269.91 0.8 -0.15
281.65 0.65 -2.15
298.8 0.78 1.85
308.48 0.65 -0.15
312.85 0.91 -1.15
316.97 1.4 -2.15
332.44 0.64 1.85
343.15 0.84 -0.15
353.19 0.77 -2.15
370.3 0.45 1.85
378.6 1.11 -0.15
389.07 0.85 -2.15
406.48 0.9 1.85
417.97 0.47 -0.15
422.51 1.18 -1.15
427.01 1.17 -2.15
444.66 0.87 0.85
449.59 0.66 -0.15
454.2 0.68 -1.15
477.91 0.87 0.85
487.97 0.82 -1.15
515.38 1.54 -0.15
526.31 0.68 -2.15
542.64 1.43 0.85
553.64 1.55 -1.15
575.82 0.41 1.85
580.78 0.87 0.85
591.02 0.84 -1.15
