6.97 1.04 0.97
18.45 0.74 -1.03
144.89 1.19 1.97
156.47 0.79 -0.03
166 0.69 -2.03
182.06 1.79 1.97
193.39 0.63 -0.03
204.12 0.73 -2.03
222.99 2.99 0.97
227.98 3.1 -0.03
232.61 1.56 -0.03
246.8 0.97 -2.03
262.94 0.73 1.97
272.41 0.62 -0.03
284.47 0.8 -2.03
301.28 1.42 0.97
310.13 0.53 -1.03
333.53 0.73 1.97
339.64 0.9 0.97
350.8 0.64 -1.03
374.31 0.68 1.97
385.68 0.56 -0.03
396.25 0.71 -2.03
413.93 0.79 0.97
424.49 0.97 -1.03
444.28 1.59 0.97
454.09 0.54 -1.03
475.09 1.89 0.97
485.47 0.84 -1.03
513.62 1.67 0.97
522.83 0.53 -1.03
542.87 0.57 1.97
553.14 0.65 -0.03
563.06 1.46 -2.03
580.47 1.74 0.97
589.9 1.11 -1.03
