7.64 0.71 0.8
12.21 0.91 -0.2
41.7 0.61 1.8
47.61 0.5 0.8
52.44 0.73 -0.2
63.05 0.59 -2.2
80.79 0.6 0.8
91.18 0.76 -1.2
113.78 0.48 0.8
128.35 0.4 -2.2
145.23 1.03 0.8
155.21 0.57 -1.2
245.58 0.55 1.8
249.73 0.52 0.8
254.92 0.66 -0.2
266.51 0.77 -2.2
282.45 0.53 1.8
292.14 0.64 -0.2
302.33 0.6 -2.2
319.86 0.41 0.8
328.83 0.64 -1.2
352.1 1.24 1.8
356.89 0.66 0.8
367.48 0.7 -1.2
391.19 0.42 1.8
395.36 0.74 0.8
405.17 0.73 -1.2
425.65 0.88 0.8
430.82 0.64 -0.2
457.04 0.64 1.8
461.81 0.43 0.8
466.12 0.62 -0.2
471.81 0.51 -1.2
492.51 0.9 0.8
498.24 0.43 -0.2
503.37 0.46 -1.2
526.25 0.61 0.8
531.17 0.85 -0.2
535.53 2.18 -1.2
555.28 1.63 1.8
564.42 0.86 -0.2
575.16 0.7 -2.2
594.3 1.04 0.8
603.42 0.51 -1.2
