5.26 2.13 1.04
15.21 1.37 -0.96
36.98 0.6 1.04
47.23 0.6 -0.96
69.12 0.65 2.04
79.07 1.08 0.04
89.8 0.9 -1.96
105.8 0.82 1.04
116.36 1.18 -0.96
139.01 0.65 1.04
143.99 1.58 0.04
153.98 0.95 -1.96
171.51 2.1 1.04
186.93 0.65 -1.96
203.96 0.77 2.04
208.33 0.75 1.04
213.77 0.73 0.04
242.98 0.79 1.04
247.97 1.04 0.04
277.06 0.91 1.04
287.06 0.88 -0.96
312.41 0.68 1.04
317.77 0.96 0.04
322.41 2.06 -0.96
345.26 0.75 2.04
354.89 1.2 0.04
363.38 0.81 -1.96
381.2 0.7 2.04
396.81 2.52 -0.96
402.77 1.35 -1.96
419.36 0.8 1.04
435.08 1.07 -1.96
451.2 0.79 2.04
461.94 0.92 0.04
473.51 0.73 -1.96
491.93 0.72 2.04
497.04 0.71 1.04
510.97 0.81 -1.96
529.22 0.84 1.04
534.55 0.86 0.04
539.76 0.6 -0.96
563.72 0.91 1.04
574.93 0.98 -0.96
580.31 0.58 -1.96
598.51 1.08 1.04
614.63 1.04 -1.96
