6.81 0.53 1.8
10.97 0.51 0.8
27.48 0.32 -2.2
49.83 0.47 0.8
54.79 0.62 -0.2
60.22 0.36 -1.2
83.15 0.52 1.8
87.92 0.79 0.8
98.7 0.61 -1.2
120.3 0.65 0.8
130.37 0.42 -1.2
150.2 0.37 0.8
155.61 0.71 -0.2
165.64 0.34 -2.2
182.54 0.34 0.8
198.57 0.54 -2.2
216.12 0.39 0.8
225.27 0.33 -1.2
247.18 0.45 1.8
258.13 0.49 -0.2
268.01 0.5 -2.2
285.36 1.74 1.8
289.46 1.37 0.8
304.12 0.39 -2.2
319.89 0.61 1.8
329.49 0.44 -0.2
339.11 0.34 -2.2
357.58 0.52 0.8
362.86 0.57 -0.2
389.45 0.43 0.8
401.22 0.79 -1.2
423.07 0.6 1.8
428.89 0.63 0.8
438.58 0.93 -1.2
466.24 0.83 0.8
471.49 1.25 -0.2
475.92 1.33 -1.2
498.51 0.56 1.8
513.43 0.57 -1.2
536.12 0.53 0.8
540.18 0.74 -0.2
567.76 0.47 1.8
573.25 0.95 0.8
577.65 3.04 -0.2
588.02 0.76 -1.2
