6.25 0.7 0.88
16.16 0.74 -1.12
40.43 0.57 0.88
51.48 0.55 -1.12
79.59 0.48 0.88
94.66 0.47 -2.12
117.81 0.57 0.88
122.86 0.43 -0.12
127.95 0.79 -1.12
150.36 1.14 1.88
160.5 0.51 -0.12
171.94 0.62 -2.12
190.95 0.67 1.88
195.46 0.7 0.88
206.13 0.81 -1.12
232.53 0.4 -0.12
261.9 0.53 1.88
271.87 0.59 -0.12
283.24 0.66 -2.12
299.56 1.57 0.88
313.65 0.8 -2.12
331.91 0.75 1.88
341.67 0.7 -0.12
352.88 0.48 -2.12
370.72 0.91 1.88
375.99 1 0.88
386.59 0.78 -1.12
407.9 0.64 0.88
413.23 0.48 -0.12
445.65 0.53 0.88
460.92 0.77 -2.12
477.38 0.58 1.88
489.12 0.51 -0.12
500.61 0.7 -2.12
517.19 3.11 0.88
522.66 0.54 0.88
528.73 0.59 -0.12
533.13 0.66 -1.12
597.34 0.74 1.88
603.42 0.93 0.88
615.05 0.43 -1.12
