6.92 0.79 0.87
12.34 1 -0.13
16.85 1.17 -1.13
37.8 0.74 1.87
43.29 0.74 0.87
53.72 1.01 -1.13
79.81 0.65 1.87
85.75 0.77 0.87
95.35 0.81 -1.13
122.46 0.78 -0.13
148.81 1.4 1.87
154.74 1.3 0.87
163.48 0.99 -1.13
187.17 0.85 0.87
191.89 0.95 -0.13
202.25 0.67 -2.13
218.65 0.91 0.87
229.55 0.72 -1.13
253.43 0.66 1.87
258.36 0.43 0.87
268.71 0.75 -1.13
291.28 1.62 1.87
302.44 0.61 -0.13
314.13 0.65 -2.13
331.73 3.11 0.87
336.29 3.17 0.87
341.51 0.7 0.87
352.08 0.73 -1.13
378.77 0.79 0.87
387.52 0.63 -1.13
391.97 0.77 -2.13
454.38 0.69 -0.13
464.42 0.73 -2.13
481.46 0.98 0.87
491.61 0.59 -1.13
562.9 1.18 0.87
574.03 1.94 -1.13
613.35 0.69 0.87
624.15 0.8 -1.13
