7.97 1.19 1.88
18.4 3.04 -0.12
22.85 0.87 -0.12
32.74 0.95 -2.12
49.95 1.1 1.88
65.12 0.98 -1.12
69.82 0.86 -2.12
87.93 0.67 0.88
98.16 1.31 -1.12
119.61 0.96 0.88
128.96 1.3 -1.12
151.47 0.73 0.88
161.59 1.01 -1.12
183.95 0.61 1.88
193.98 0.93 -0.12
205.52 0.65 -2.12
295.59 0.34 1.88
301.04 0.92 0.88
305.12 0.73 -0.12
331.02 0.58 1.88
335.17 1.29 0.88
344.45 1.08 -1.12
370.76 0.78 0.88
380.05 1.6 -1.12
400.39 0.7 1.88
410.29 0.92 -0.12
420.46 0.53 -2.12
437.08 0.63 1.88
447.86 0.32 -0.12
453.82 0.34 -1.12
458.89 0.57 -2.12
474.89 0.8 1.88
485.98 0.7 -0.12
514.09 0.73 0.88
525.53 0.58 -1.12
546.38 0.69 1.88
554.92 0.6 -0.12
565.32 0.6 -2.12
589.02 0.55 0.88
594.6 0.46 -0.12
599.92 1.26 -1.12
