7.18 0.58 0.96
16.76 0.54 -1.04
39.49 0.48 1.96
45.44 0.43 0.96
56.39 0.74 -1.04
82.48 0.55 -0.04
94.2 0.79 -2.04
112.5 0.55 1.96
118.11 1.07 0.96
127.15 0.72 -1.04
148.27 0.51 0.96
152.93 0.58 -0.04
181.03 0.8 1.96
186.04 0.46 0.96
190.2 0.78 -0.04
220.86 0.46 0.96
225.14 0.93 -0.04
229.98 0.74 -1.04
250.95 1.57 0.96
262.52 0.46 -1.04
267.87 0.67 -2.04
291.48 0.43 -0.04
301.52 0.68 -2.04
320.49 0.61 1.96
330.29 0.48 -0.04
340.35 0.57 -2.04
356.92 0.59 0.96
371.74 0.5 -2.04
390.97 0.67 1.96
396.7 0.64 0.96
406.74 0.47 -1.04
430.1 0.72 0.96
439.11 0.79 -1.04
461.92 0.45 0.96
467.08 0.52 -0.04
495.8 0.86 0.96
500.25 0.98 -0.04
510.17 0.98 -2.04
531.59 0.36 0.96
535.78 0.39 -0.04
540.43 0.61 -1.04
563.83 0.4 1.96
573.41 0.84 -0.04
584.25 0.56 -2.04
600.68 0.75 1.96
614.89 0.77 -1.04
620.85 0.55 -2.04
