91.88 3.04 0.79
97.7 2.45 0.79
106.74 1.29 -1.21
128.29 0.57 1.79
137.07 0.82 -0.21
148.22 0.38 -2.21
167.05 0.53 0.79
178.35 0.71 -1.21
199.19 0.46 1.79
209.9 1 -0.21
219.86 0.83 -2.21
235.77 0.54 1.79
239.98 0.53 0.79
256.14 0.48 -2.21
272.97 1.52 1.79
283.66 0.54 -0.21
308.2 0.54 0.79
312.47 0.47 -0.21
340.75 0.5 0.79
350.14 0.48 -1.21
371.7 1.4 0.79
380.86 1.4 -1.21
403.84 0.38 0.79
409.69 0.47 -0.21
418.41 0.76 -2.21
435.57 0.51 1.79
445.72 0.95 -0.21
456.19 0.62 -2.21
473.01 0.45 1.79
478.59 0.59 0.79
496.3 0.48 -2.21
574.98 0.52 1.79
579.3 0.76 0.79
588.66 0.48 -1.21
