5.31 1.34 0.87
15.34 0.56 -1.13
36.73 0.81 0.87
46.91 0.56 -1.13
66.63 0.65 1.87
77.27 0.7 -0.13
105.61 1.39 1.87
111.35 0.83 0.87
122.21 0.54 -1.13
144.14 0.63 0.87
150.09 0.59 -0.13
183.95 0.78 0.87
200.53 0.94 -2.13
217.35 0.61 0.87
232.37 1.22 -2.13
249.22 0.63 0.87
255.15 0.74 -0.13
264.75 0.5 -2.13
282.4 0.52 1.87
292.18 0.53 -0.13
301.9 0.49 -2.13
319.29 0.73 1.87
324.83 0.79 0.87
335.31 0.49 -1.13
358.29 0.71 1.87
363.62 0.75 0.87
369.32 0.58 -0.13
378.29 0.48 -2.13
393.85 1.49 1.87
405.57 3.04 -0.13
411.18 0.52 -0.13
420.2 0.54 -2.13
435.96 1.37 0.87
440.4 0.58 -0.13
449.84 0.51 -2.13
468.53 0.62 1.87
482.52 0.67 -1.13
488.24 1.18 -2.13
506.29 0.7 1.87
512.33 0.53 0.87
522.08 0.69 -1.13
543.43 0.83 1.87
549.46 0.69 0.87
563.93 0.66 -2.13
582.7 1.58 1.87
592.12 0.82 -0.13
603.69 0.91 -2.13
