71.58 0.93 1.95
80.84 0.83 -0.05
85.45 0.62 -1.05
91.25 0.67 -2.05
107.69 0.88 1.95
117.14 0.65 -0.05
126.35 0.94 -2.05
143.2 0.9 1.95
152.66 1.31 -0.05
162.21 0.64 -2.05
179.04 1.42 1.95
183.97 1.16 0.95
193.92 0.85 -1.05
216.27 0.89 0.95
224.86 1.4 -1.05
246.37 0.75 0.95
256.27 1.26 -1.05
282.63 1.06 0.95
291.27 0.92 -1.05
313.87 0.75 0.95
325.02 0.71 -1.05
390.09 0.99 1.95
394.85 1.46 0.95
403.66 0.82 -1.05
428.44 0.63 1.95
439.71 0.8 -0.05
449.08 0.68 -2.05
467.19 0.56 1.95
478.61 0.72 -0.05
489 0.65 -2.05
508.69 0.65 0.95
513.7 0.56 -0.05
519.36 1.23 -1.05
540.53 1.55 0.95
551.29 0.67 -1.05
573.78 0.7 1.95
583.72 1.44 -0.05
588.89 3.03 -1.05
598.54 1.17 -2.05
