12.08 1.47 -0.04
20.64 0.67 -2.04
38.55 0.72 0.96
47.79 0.93 -1.04
75.01 0.58 0.96
85.43 0.45 -1.04
112.15 0.93 0.96
123.83 0.72 -1.04
127.95 0.64 -2.04
144.91 1 1.96
154.6 0.91 -0.04
164.5 0.61 -2.04
179.54 0.67 1.96
184.5 0.99 0.96
195.92 0.66 -1.04
201.65 0.55 -2.04
218.4 0.73 1.96
227.04 1.06 -0.04
238.6 1.23 -2.04
255.43 0.73 1.96
259.74 0.99 0.96
270.58 1.01 -1.04
291.2 0.78 1.96
295.98 1.11 0.96
309.69 0.74 -2.04
327.75 0.94 0.96
339.7 1.25 -1.04
363.21 2.09 1.96
368.92 1.17 0.96
378.58 0.59 -1.04
384.57 0.68 -2.04
401.31 1.29 1.96
405.58 0.83 0.96
416.11 0.86 -1.04
443.99 0.92 0.96
454.33 0.61 -1.04
460.12 0.76 -2.04
477.26 1.94 0.96
490.89 1.13 -1.04
514.64 0.85 1.96
525.28 0.62 -0.04
536.94 0.64 -2.04
553.04 0.82 1.96
562.5 1.03 -0.04
587.99 0.75 1.96
592.51 0.56 0.96
607.67 0.89 -2.04
