6.82 0.75 1.09
18.3 0.45 -0.91
78.52 0.67 1.09
83.9 0.61 0.09
94.74 0.51 -1.91
113.41 2.44 1.09
123.13 0.66 -0.91
142.88 1.69 1.09
146.98 0.89 0.09
157.28 0.39 -1.91
173.38 0.38 1.09
178.82 0.94 0.09
206.81 1.74 1.09
217.12 0.33 -0.91
244.97 0.43 1.09
256.56 0.41 -0.91
261.81 0.51 -1.91
278.15 0.32 1.09
294.42 0.51 -1.91
312.09 0.62 1.09
317.72 0.81 0.09
326.91 0.49 -1.91
342.96 0.52 2.09
347.22 0.32 1.09
361.73 0.67 -1.91
377.3 0.5 2.09
382.68 0.63 1.09
393.87 0.47 -0.91
398.84 0.38 -1.91
416.3 0.34 2.09
426.78 0.45 0.09
436.97 1.09 -1.91
456.17 0.36 2.09
466.19 0.46 0.09
475.56 0.42 -1.91
491.69 0.37 1.09
505.12 0.36 -1.91
522.84 0.68 2.09
531.52 0.51 0.09
540.69 0.4 -1.91
558.1 0.43 2.09
562.87 0.51 1.09
567.02 0.4 0.09
600.45 0.33 1.09
610.53 0.36 -0.91
616.27 0.38 -1.91
