5.31 0.55 1.76
9.77 0.44 0.76
14.28 0.45 -0.24
23.08 0.4 -2.24
41.27 0.43 1.76
52.28 0.65 -0.24
61.16 0.59 -2.24
79.6 0.39 1.76
84.35 0.43 0.76
93.09 0.36 -1.24
115.51 0.38 1.76
126.67 0.47 -0.24
138.08 1.37 -2.24
157 0.4 1.76
162.88 0.46 0.76
172.1 0.49 -1.24
196.68 0.4 0.76
200.8 0.81 -0.24
227.06 0.5 1.76
232.06 0.42 0.76
242 1.05 -1.24
262.66 0.58 1.76
267.15 0.49 0.76
276.23 0.48 -1.24
298.78 0.44 1.76
303.96 0.44 0.76
313.13 0.4 -1.24
334.94 0.41 0.76
344.24 0.42 -1.24
349.23 0.37 -2.24
365.94 0.48 1.76
370.7 0.44 0.76
381.16 0.93 -1.24
403.83 0.36 1.76
408.21 0.41 0.76
417.92 0.45 -1.24
479.19 0.58 -0.24
488.97 0.41 -2.24
505.91 0.37 0.76
511.37 0.4 -0.24
520.39 0.36 -2.24
543.87 0.48 0.76
553.85 0.37 -1.24
575.32 0.5 0.76
580.2 0.49 -0.24
584.58 0.41 -1.24
