5.66 0.64 1.09
17.1 0.49 -0.91
45.88 0.75 1.09
55.08 0.57 -0.91
59.23 0.63 -1.91
74.11 1.08 2.09
84.58 0.44 0.09
96.25 0.76 -1.91
114.32 1.5 2.09
118.5 0.89 1.09
128.07 0.55 -0.91
153.03 0.76 2.09
164.19 0.79 0.09
175.01 0.68 -1.91
192.91 1.09 1.09
197.59 0.71 0.09
228.22 0.65 1.09
238.35 0.95 -0.91
261.7 2.57 2.09
271.53 2.34 0.09
282.73 0.87 -1.91
299.83 0.57 1.09
314.32 0.35 -1.91
333.09 0.43 2.09
337.44 0.43 1.09
342.01 0.38 0.09
373.55 1.4 0.09
383.4 0.43 -1.91
400.34 0.43 1.09
411.83 0.69 -0.91
441.79 0.37 0.09
450.94 0.57 -1.91
470.43 0.44 2.09
481.14 0.41 0.09
486.07 0.28 -0.91
490.27 0.58 -1.91
514.98 0.59 1.09
524.68 0.39 -0.91
529.22 0.41 -1.91
548.39 2.09 2.09
558.85 0.49 0.09
568.63 0.62 -1.91
586.19 0.4 1.09
595.43 0.39 -0.91
