10.12 0.54 0.8
15.13 0.52 -0.2
21.16 1.39 -1.2
43.24 0.61 1.8
48.42 1.54 0.8
59.32 0.57 -1.2
85.84 0.45 0.8
101.55 0.99 -2.2
119.4 0.68 0.8
124.36 1.19 -0.2
150 0.45 1.8
159.53 1.18 -0.2
169.36 0.74 -2.2
185.13 1.62 0.8
201.09 0.73 -2.2
216.41 0.5 1.8
226.75 0.44 -0.2
232 0.4 -1.2
236.32 1.01 -2.2
253.02 0.32 1.8
258.05 0.36 0.8
262.84 0.62 -0.2
288.78 0.71 1.8
294.5 0.69 0.8
309.5 0.6 -2.2
327.75 0.72 1.8
332.13 0.56 0.8
343.81 0.62 -1.2
366.14 0.69 1.8
370.66 2.68 0.8
379.41 0.97 -1.2
402.03 0.48 0.8
410.74 0.65 -1.2
432.27 0.65 0.8
437.74 0.57 -0.2
471.11 0.4 0.8
487.33 0.73 -2.2
503.92 0.73 0.8
513.32 0.94 -1.2
535.93 0.52 1.8
541.42 0.71 0.8
557.03 0.22 -2.2
575.6 0.12 0.8
584.13 0.65 -1.2
