5.6 0.72 1.83
16.58 0.54 -0.17
26.4 1.08 -2.17
44.99 0.73 1.83
55.4 3.11 -0.17
60.07 0.57 -0.17
70.66 0.71 -2.17
89.71 0.67 1.83
100.4 0.81 -0.17
110.69 0.85 -2.17
129.36 0.68 1.83
134.46 0.81 0.83
143.87 0.63 -1.17
167.1 0.43 1.83
171.37 0.53 0.83
181.24 0.53 -1.17
205.56 0.8 1.83
216.29 0.74 -0.17
227.19 0.74 -2.17
244.24 0.88 1.83
249.14 0.62 0.83
259.42 0.48 -1.17
282.87 0.79 1.83
292.37 0.53 -0.17
302.9 0.54 -2.17
320.79 0.62 0.83
324.97 0.51 -0.17
353.67 0.64 1.83
358.4 1.09 0.83
368.06 0.47 -1.17
389.92 1.22 0.83
395.98 0.72 -0.17
405.83 0.67 -2.17
423.73 1.34 1.83
428.86 0.77 0.83
439.8 0.79 -1.17
493.82 0.58 0.83
503.27 0.53 -1.17
509.12 0.6 -2.17
526.47 0.66 1.83
537.31 0.9 -0.17
547.09 0.5 -2.17
562.55 0.87 1.83
572.33 0.7 -0.17
582.37 0.64 -2.17
597.99 0.9 1.83
607.59 0.62 -0.17
616.73 0.58 -2.17
