6.53 0.52 1.81
12.23 0.45 0.81
27.9 0.45 -2.19
81.8 0.74 1.81
87.01 0.51 0.81
96.71 0.42 -1.19
153.95 1.02 1.81
163.09 0.48 -0.19
191.76 0.47 1.81
196.44 0.59 0.81
206.23 0.5 -1.19
226.02 0.46 1.81
235.12 0.53 -0.19
245.68 0.5 -2.19
262.56 0.45 1.81
266.89 0.52 0.81
277 0.48 -1.19
298.89 0.4 0.81
309.17 0.44 -1.19
331.84 0.53 0.81
340.76 0.45 -1.19
360.51 0.53 1.81
365.8 0.6 0.81
381.15 0.43 -2.19
401.68 0.42 -0.19
411.58 0.48 -2.19
428.68 0.68 1.81
433.78 0.43 0.81
443.45 0.41 -1.19
466.06 0.5 0.81
476.49 0.57 -1.19
498.3 0.41 0.81
502.62 0.49 -0.19
512.64 0.56 -2.19
533.03 0.5 -0.19
543.42 0.5 -2.19
561.57 0.44 1.81
567.35 0.48 0.81
578.39 0.44 -1.19
598.75 0.48 1.81
614.25 0.45 -1.19
620.1 0.5 -2.19
