5.38 1.21 1.02
15.32 0.58 -0.98
38.78 1.91 1.02
47.8 0.92 -0.98
52.93 0.83 -1.98
69.67 0.6 2.02
73.85 0.9 1.02
90.38 0.65 -1.98
106.48 0.72 2.02
117.71 0.58 0.02
128.91 2.43 -1.98
147.66 1.26 2.02
156.68 0.75 0.02
185.51 0.74 1.02
200.72 1.29 -1.98
217.27 0.71 1.02
221.43 2.52 0.02
235.18 0.96 -1.98
258.51 2.09 1.02
268.59 0.72 -0.98
290.01 1.69 1.02
294.27 1.8 0.02
320.85 1.49 2.02
331.88 1.81 0.02
342.52 1.5 -1.98
360.74 1.41 1.02
365.92 1.06 0.02
391.94 0.64 1.02
401.75 0.96 -0.98
426.58 0.88 2.02
441.64 1.4 -0.98
447.41 1.23 -1.98
464.07 1.51 1.02
475.21 0.84 -0.98
498.01 0.67 2.02
503.81 1.01 1.02
520.8 1.32 -1.98
537.51 1.85 2.02
547.23 1.48 0.02
552.89 0.91 -0.98
557.9 1.39 -1.98
580.38 2.21 1.02
596.07 1.33 -1.98
