5.2 0.75 0.87
16.69 0.8 -1.13
37.82 0.36 0.87
43.04 0.68 -0.13
47.22 0.58 -1.13
69.23 0.54 1.87
79.23 0.6 -0.13
89.62 0.77 -2.13
106.56 0.43 1.87
110.67 0.67 0.87
115.22 0.47 -0.13
124.33 0.8 -2.13
141.63 0.38 1.87
152.33 0.61 -0.13
161.07 0.32 -2.13
179.41 0.32 1.87
184.89 0.4 0.87
200.97 0.65 -2.13
217.35 0.61 1.87
229.03 0.63 -0.13
234.67 0.61 -1.13
239.67 0.43 -2.13
256.8 0.56 0.87
261.54 0.48 -0.13
287.52 0.37 0.87
297.75 0.38 -1.13
322.13 0.62 1.87
328.12 0.63 0.87
337.54 0.7 -1.13
357.79 0.73 0.87
369.55 0.6 -1.13
391 0.57 0.87
401.72 1.03 -1.13
426.01 0.6 1.87
430.21 0.87 0.87
445.54 0.53 -2.13
469 0.75 0.87
479.69 0.65 -1.13
502.31 1.01 0.87
512.12 0.82 -1.13
534.36 0.41 1.87
546.17 0.31 -0.13
556.14 0.79 -2.13
572.68 0.9 1.87
588.23 0.7 -1.13
