7.52 0.59 0.87
17.7 0.48 -1.13
42.66 0.62 1.87
53.35 0.55 -0.13
64.54 0.85 -2.13
82.76 0.56 1.87
86.84 1.46 0.87
91.07 0.81 -0.13
100.63 0.45 -2.13
117.37 0.69 0.87
126.33 0.97 -1.13
144.97 0.55 0.87
155.95 0.76 -1.13
179.49 0.44 0.87
183.61 0.39 -0.13
193.09 0.39 -2.13
212.26 0.48 1.87
217.35 0.57 0.87
232.64 0.43 -2.13
247.88 0.7 1.87
257.82 0.44 -0.13
267.41 0.42 -2.13
283.18 0.41 0.87
294.35 0.8 -1.13
298.59 0.43 -2.13
314.36 0.41 0.87
318.5 0.46 -0.13
323.88 0.36 -1.13
344.88 3.04 0.87
349.68 1.29 0.87
355.66 2.07 -0.13
459.47 0.51 0.87
474.46 0.75 -2.13
523.98 0.62 1.87
529.39 0.6 0.87
535.02 0.69 -0.13
561.2 0.73 1.87
566.59 0.56 0.87
576.05 0.59 -1.13
