6.71 0.81 0.93
17.77 0.71 -1.07
39.35 1.45 0.93
43.92 0.91 -0.07
59.39 1.07 -2.07
76.41 0.86 1.93
86.16 0.93 -0.07
96.6 0.84 -2.07
114.73 0.85 1.93
120.76 1.03 0.93
130.96 0.66 -1.07
155.41 1.86 0.93
160.45 0.91 -0.07
164.64 1.03 -1.07
186.19 0.89 1.93
196.26 0.54 -0.07
205.17 1.1 -2.07
222.8 0.91 1.93
227.82 0.73 0.93
242.46 0.78 -2.07
258.93 0.79 0.93
272.66 0.75 -2.07
288.76 1.16 1.93
293.84 0.81 0.93
298.79 0.84 -0.07
325.76 0.7 0.93
330.86 0.85 -0.07
341.33 0.9 -2.07
358.31 0.8 1.93
364.05 0.73 0.93
375.35 1.09 -1.07
399.14 0.8 0.93
404.94 1.03 -0.07
415.86 0.59 -2.07
432.63 0.59 0.93
437.61 0.57 -0.07
449.09 0.62 -2.07
563.67 0.78 0.93
572.44 0.86 -1.07
594.32 0.87 0.93
605.58 0.67 -1.07
