6.06 0.51 0.82
16.36 0.59 -1.18
40.63 0.57 0.82
50.09 0.69 -1.18
71.27 1.3 1.82
80.11 1.16 -0.18
92.06 0.73 -2.18
109.36 1.9 1.82
118.3 0.57 -0.18
127.97 0.83 -2.18
144.11 0.49 1.82
149.49 0.42 0.82
153.56 0.46 -0.18
164.38 0.97 -2.18
180.36 0.46 1.82
194.85 0.52 -1.18
216.22 0.57 0.82
227.1 0.44 -1.18
249.47 0.4 1.82
255.02 0.49 0.82
264.11 0.61 -1.18
286.41 0.82 0.82
296.28 0.61 -1.18
320.12 0.45 1.82
335.53 0.83 -1.18
357.85 0.58 1.82
368.04 0.93 -0.18
378.3 0.57 -2.18
393.9 0.49 1.82
398.23 0.38 0.82
407.3 0.47 -1.18
435.32 0.51 0.82
445.76 1 -1.18
467.21 1.11 0.82
476.16 0.94 -1.18
545.64 0.4 1.82
556.94 0.53 -0.18
566.42 0.47 -2.18
