6.29 0.76 1.88
11.72 1.02 0.88
20.7 1.41 -1.12
43.91 2.34 1.88
54.43 0.49 -0.12
65.52 0.66 -2.12
83.99 0.7 1.88
88.63 0.61 0.88
99.25 0.52 -1.12
121.58 0.59 1.88
131.01 1.11 -0.12
142.49 0.51 -2.12
157.63 0.78 0.88
167.62 0.58 -1.12
188.21 1.23 0.88
197.42 1.02 -1.12
219.68 0.6 1.88
229.71 0.59 -0.12
238.9 1.12 -2.12
258.47 1.43 1.88
263.52 0.81 0.88
274.11 0.72 -1.12
297.06 0.53 1.88
301.56 0.61 0.88
311.08 1.07 -1.12
334.42 3.11 0.88
340.51 0.47 0.88
351.98 0.61 -1.12
374.93 2.44 0.88
385.91 0.73 -1.12
407.78 1.76 0.88
418.32 0.61 -1.12
442.43 0.62 0.88
447.45 0.57 -0.12
459.02 1.61 -2.12
477.55 1.91 0.88
494.23 0.53 -2.12
510.83 0.73 0.88
521.28 1.11 -1.12
580.42 0.39 0.88
590.46 0.57 -1.12
595.08 0.6 -2.12
