98.95 0.78 0.82
108.55 1.04 -1.18
130.63 1.24 1.82
141.16 0.86 -0.18
169.57 0.5 1.82
175 0.95 0.82
184.84 0.59 -1.18
206.36 0.86 0.82
210.49 0.59 -0.18
240.91 0.94 0.82
249.99 0.98 -1.18
272.39 1.38 1.82
281.4 0.81 -0.18
285.96 0.79 -1.18
291.06 0.7 -2.18
313.54 1.02 0.82
325.18 1.36 -1.18
346.42 0.64 0.82
355.64 0.49 -1.18
378.76 0.85 0.82
388.62 1.18 -1.18
394.1 2.52 -2.18
409.82 0.64 1.82
414.58 0.8 0.82
423.32 0.72 -1.18
448.95 1.23 0.82
457.99 0.68 -1.18
480.35 0.79 1.82
484.7 0.79 0.82
498.8 1.1 -2.18
514.9 1.63 1.82
524.07 0.95 -0.18
533.84 0.56 -2.18
550.53 1.12 0.82
561.72 1.08 -1.18
583.37 0.92 1.82
588.02 1.15 0.82
597.33 0.67 -1.18
