6.26 0.52 1.88
11.34 0.87 0.88
20.5 0.42 -1.12
25.66 0.36 -2.12
42.95 1.07 1.88
53.63 0.66 -0.12
64.96 0.44 -2.12
82.93 0.89 0.88
94.03 1.34 -1.12
115.96 1.09 1.88
125.59 0.38 -0.12
152.54 0.76 0.88
162.12 1.06 -1.12
183.74 0.65 1.88
188.53 0.57 0.88
199.27 0.5 -1.12
221.55 0.92 0.88
232.08 0.46 -1.12
251.34 0.69 0.88
256.38 0.64 -0.12
262.21 0.74 -1.12
287.98 0.59 0.88
303.97 0.39 -2.12
319.63 0.65 0.88
330 0.43 -1.12
354.01 0.55 0.88
363.96 0.48 -1.12
390.34 0.96 0.88
401.94 0.36 -1.12
423.06 0.42 1.88
431.55 0.35 -0.12
441.06 0.55 -2.12
459.74 0.57 0.88
469.86 0.57 -1.12
533.39 0.45 1.88
537.48 0.43 0.88
547.49 0.39 -1.12
569.14 0.82 1.88
579.44 0.45 -0.12
590.17 0.36 -2.12
