7.72 0.77 2.02
13.76 0.66 1.02
22.67 0.61 -0.98
45.38 0.39 1.02
55 0.77 -0.98
78.42 0.49 1.02
88.37 0.59 -0.98
92.49 0.76 -1.98
147.68 0.51 2.02
156.13 0.63 0.02
166.41 0.55 -1.98
189.11 0.47 0.02
215.67 0.34 2.02
224.47 0.38 0.02
234.61 0.42 -1.98
253.03 0.35 2.02
263.02 0.62 0.02
273.05 0.73 -1.98
291.21 0.56 1.02
301.8 0.36 -0.98
326.88 0.37 1.02
336.79 0.4 -0.98
357.35 0.65 1.02
363.01 0.54 0.02
367.09 0.52 -0.98
388.42 0.55 2.02
398.23 0.4 0.02
407.79 0.64 -1.98
424.48 0.44 2.02
435.64 0.37 0.02
444.59 0.85 -1.98
462.8 0.99 1.02
473.47 0.58 -0.98
500.76 0.81 1.02
517.1 0.62 -1.98
533.74 0.78 1.02
538.39 0.72 0.02
547.83 0.56 -1.98
564.33 0.37 2.02
568.43 0.37 1.02
573.61 0.84 0.02
579.18 0.45 -0.98
598.98 0.55 2.02
613.95 0.41 -0.98
619.77 0.41 -1.98
