7.05 0.68 0.95
11.79 0.91 -0.05
40.23 0.46 0.95
50.77 0.55 -1.05
77.51 1.23 -0.05
88.31 0.77 -2.05
104.14 0.54 1.95
113.89 0.92 -0.05
122.98 0.68 -2.05
141.13 0.81 0.95
145.32 0.69 -0.05
171.81 0.61 1.95
177.44 0.55 0.95
188.55 1.2 -1.05
192.78 0.75 -2.05
210.4 0.9 0.95
219.78 0.49 -1.05
241.74 0.9 0.95
246.33 0.92 -0.05
255.41 1.04 -2.05
271.68 0.88 1.95
282.02 0.5 -0.05
290.88 0.65 -2.05
307.7 0.62 1.95
323.41 0.84 -1.05
327.71 0.49 -2.05
344.28 0.79 1.95
354.62 1.17 -0.05
382.66 0.66 0.95
391.34 1.04 -1.05
397.21 0.98 -2.05
416.57 0.57 0.95
425.57 0.48 -1.05
446.8 0.64 0.95
456.75 1.84 -1.05
482.93 0.52 -0.05
508.28 0.73 1.95
512.52 0.71 0.95
522.24 0.56 -1.05
546.51 0.87 1.95
551.54 0.63 0.95
561.82 0.51 -1.05
583.52 0.6 0.95
594.33 0.62 -1.05
