6.17 2.97 0.79
12.22 1.16 -0.21
17.13 0.95 -1.21
37.61 0.67 1.79
43.53 0.85 0.79
54.49 1.34 -1.21
140.07 0.78 0.79
145.98 1.42 -0.21
175.14 0.53 1.79
180.16 0.95 0.79
195.87 0.84 -2.21
213.34 1.52 0.79
222.73 0.65 -1.21
247.22 0.73 1.79
257.69 0.99 -0.21
268.89 0.55 -2.21
287.54 1.21 0.79
297.67 1.55 -1.21
320.63 0.54 1.79
330.96 0.75 -0.21
341.45 1.15 -2.21
359.14 0.91 1.79
363.26 1.18 0.79
373.34 0.36 -1.21
396.18 0.9 0.79
401.48 1.08 -0.21
430.48 0.66 1.79
441.73 0.47 -0.21
452.4 0.91 -2.21
501.92 0.6 0.79
516.52 0.58 -2.21
539.91 3.04 0.79
545.51 0.48 0.79
555.83 0.4 -1.21
