5.57 1.76 1.94
11.16 1.04 0.94
22.33 1.58 -1.06
45.14 0.66 1.94
61.54 0.59 -1.06
65.83 0.68 -2.06
80.84 0.79 0.94
97 0.89 -2.06
116.55 1.3 1.94
128.09 1.22 -0.06
139.69 0.81 -2.06
155.97 1.53 0.94
166.63 1.05 -1.06
191.98 1.18 -0.06
202.95 0.7 -2.06
221.17 0.79 0.94
226.91 0.69 -0.06
238.5 0.98 -2.06
255.5 1.32 0.94
265.05 0.82 -1.06
287.17 1.65 0.94
298.06 0.99 -1.06
320.43 0.73 0.94
330.89 0.83 -1.06
353.35 1.24 1.94
368.7 0.6 -1.06
505.41 0.7 1.94
509.58 0.96 0.94
519.49 0.55 -1.06
524.64 0.61 -2.06
542.74 0.92 1.94
548.82 0.75 0.94
558.06 1.14 -1.06
580.74 0.89 1.94
586.82 0.88 0.94
596.91 0.72 -1.06
