5.95 0.7 1.88
15.37 0.42 -0.12
44.73 0.55 1.88
53.5 0.95 -0.12
63.33 0.59 -2.12
81.54 0.78 1.88
91.51 0.92 -0.12
102.04 0.69 -2.12
119.5 0.52 0.88
123.72 0.62 -0.12
134.22 0.59 -2.12
151.69 0.54 1.88
160.98 0.92 -0.12
170.69 0.68 -2.12
186.62 0.62 0.88
191.66 0.59 -0.12
224.01 2.3 0.88
233.89 0.96 -1.12
255.18 0.65 1.88
260.89 0.61 0.88
266.92 0.72 -0.12
276.67 0.84 -2.12
292.07 0.51 1.88
296.13 0.71 0.88
310.7 0.67 -2.12
327.5 0.59 0.88
336.5 0.61 -1.12
402.11 0.57 0.88
406.93 0.89 -0.12
417.52 0.86 -2.12
433.99 0.63 0.88
443.1 1.24 -1.12
466.66 0.75 0.88
477.37 0.58 -1.12
497.46 0.52 1.88
502.96 0.62 0.88
512.46 0.63 -1.12
534.79 0.64 0.88
543.54 0.8 -1.12
565.27 1.66 0.88
579.38 1.97 -1.12
600.5 0.53 0.88
610.29 0.82 -1.12
