5.53 0.87 1
16.17 1.48 -1
41.35 0.68 1
51.35 1.03 -1
73.55 0.87 1
89.9 0.42 -2
105.12 0.88 2
120.13 0.83 -1
142.42 0.7 1
151.89 0.91 -1
174.18 1.02 2
179.33 0.79 1
192.9 0.81 -2
208.52 1.08 1
224.13 1.1 -2
243.55 0.7 1
254.46 0.86 -1
282.33 1.68 0
308.99 0.74 1
317.67 0.91 -1
382.16 0.8 2
388.07 0.88 1
398.57 1.27 -1
421.34 2.03 2
430.44 1.07 0
440.17 0.93 -2
457.88 1.15 1
468.05 1.25 -1
490.01 1.01 1
494.77 0.99 0
505.6 1.11 -2
521.48 0.89 1
532.35 1.47 -1
554.02 0.89 1
565.08 1.33 -1
585.58 1.07 2
599.51 2.3 -1
604.3 0.84 -2
