6.19 0.72 1.07
11.54 1.16 0.07
23.29 0.73 -1.93
40.76 0.96 2.07
49.17 0.8 0.07
57.51 0.48 -1.93
79.52 0.71 1.07
90.48 0.83 -0.93
112.38 0.81 1.07
117.99 0.81 0.07
142.91 0.86 1.07
147.65 0.74 0.07
158.86 0.84 -1.93
176.01 1.35 1.07
182.04 0.43 0.07
191.7 0.49 -1.93
208.77 0.84 1.07
218 1.44 -0.93
241.25 1.23 2.07
245.47 0.7 1.07
250 0.76 0.07
259.72 0.91 -1.93
275.19 1.49 1.07
279.5 3.05 0.07
284.8 1.51 0.07
308.87 0.65 1.07
317.84 0.98 -0.93
379.86 0.59 1.07
390.55 0.81 -0.93
412.61 0.55 1.07
428.24 0.5 -1.93
452.29 0.79 1.07
466.1 0.66 -1.93
483.7 0.55 2.07
494.07 0.44 0.07
504.88 0.7 -1.93
522.6 0.96 2.07
532.34 0.57 0.07
543.9 0.95 -1.93
566.8 0.75 0.07
577.53 0.48 -1.93
594.34 0.52 2.07
600.01 0.94 1.07
615.47 1.4 -1.93
