12.98 1.89 1
18.5 2.58 0
23.97 1.97 -1
44.93 2.69 2
54.48 2.03 0
65.3 1.16 -2
84.62 2.16 1
90.18 1.01 0
99.32 1.19 -2
115.91 2.09 2
126.2 0.88 0
136.08 0.83 -2
163.52 1.72 0
173.41 1.13 -2
189.1 2.38 2
199.01 1.33 0
210.59 0.97 -2
228.94 1.95 2
233.1 1.23 1
242.64 1.8 -1
265.37 1.43 2
270.02 0.94 1
290.72 0.94 -2
307.3 1.51 2
316.58 1.1 0
327.07 1.15 -2
344.67 0.55 1
349.05 1.14 0
358.43 0.76 -2
376.14 0.8 1
381.61 0.89 0
387.15 1.21 -1
408.21 1.45 2
418.59 1.43 0
429.33 0.92 -2
446.02 0.93 1
456.64 1.05 -1
476.29 1.45 1
486 1.24 -1
508.03 0.78 1
524.57 0.85 -2
548.84 0.89 1
554.89 0.72 0
559.33 1.1 -1
582.03 1.64 2
587.27 1.07 1
597.77 1.09 -1
