6.28 0.48 0.95
17.14 0.46 -1.05
39.24 0.43 1.95
43.6 0.53 0.95
53.14 0.86 -1.05
75.93 0.5 0.95
80.55 0.9 -0.05
90.67 0.7 -2.05
109.06 0.47 0.95
120.09 0.48 -1.05
143.34 1.39 1.95
155.1 0.89 -0.05
164.55 0.54 -2.05
181.96 0.5 1.95
190.49 0.69 -0.05
202.07 0.88 -2.05
218.46 0.45 1.95
229.44 0.88 -0.05
238.72 0.52 -2.05
257.02 0.37 1.95
267.12 0.81 -0.05
299.86 0.63 0.95
310.43 0.43 -1.05
330.87 0.63 1.95
340.9 0.91 -0.05
349.17 0.49 -2.05
367.32 0.45 0.95
372.32 0.68 -0.05
381.78 0.43 -2.05
399.66 0.49 0.95
410.35 1.16 -1.05
433.18 0.62 1.95
443.28 0.46 -0.05
455.24 1.11 -2.05
472.9 0.53 0.95
484.79 0.52 -1.05
504.44 0.75 1.95
515.09 0.7 -0.05
525.89 0.55 -2.05
542.16 0.48 1.95
553.28 0.42 -0.05
563.19 0.48 -2.05
579.74 0.4 0.95
589.19 0.38 -1.05
