96.94 0.54 1.85
107.51 1.8 -0.15
117.01 0.69 -2.15
135.14 0.78 0.85
144.94 1.12 -1.15
173.84 0.75 1.85
183.9 0.71 -0.15
194.46 0.66 -2.15
210.71 0.62 1.85
214.88 0.45 0.85
224.58 1.1 -1.15
248.59 1.12 1.85
258.65 0.65 -0.15
268.74 2.16 -2.15
320.73 0.34 0.85
325.16 0.59 -0.15
351.44 0.57 0.85
356.36 0.88 -0.15
385.79 0.43 0.85
391.53 0.39 -0.15
396.26 1.49 -1.15
419.65 1.45 0.85
424.65 0.42 -0.15
454.33 0.78 0.85
460.24 0.46 -0.15
492.62 0.52 -0.15
519.25 0.44 0.85
529.83 0.51 -1.15
551.27 0.69 1.85
562.07 1.02 -0.15
571.4 0.82 -2.15
595.14 0.45 0.85
611.37 0.5 -2.15
