7.04 0.72 1.89
18.7 0.41 -0.11
23.21 0.82 -1.11
27.36 0.81 -2.11
44.91 0.48 0.89
54.22 0.81 -1.11
75.19 1.09 1.89
80.09 0.91 0.89
90.58 0.59 -1.11
115.32 0.88 0.89
130.81 0.54 -2.11
146.83 0.84 0.89
152.57 2.02 -0.11
180.36 0.64 1.89
185.07 0.6 0.89
194.15 0.85 -1.11
213.92 0.96 1.89
218.76 0.75 0.89
233.42 0.81 -2.11
248.88 1.25 0.89
253.39 0.9 -0.11
280.55 0.47 1.89
290.09 0.54 -0.11
299.39 0.76 -2.11
361.74 0.47 1.89
372.32 0.64 -0.11
383.8 0.7 -2.11
402.64 0.57 0.89
411.14 0.93 -1.11
432.26 0.72 0.89
437.36 0.77 -0.11
447.71 0.58 -2.11
464.51 0.51 0.89
469.2 0.87 -0.11
473.51 0.93 -1.11
495.69 0.47 1.89
500.59 0.5 0.89
514.73 0.69 -2.11
532.27 0.43 0.89
537.84 0.78 -0.11
543.39 0.81 -1.11
564.62 0.86 0.89
575.57 1.2 -1.11
602.57 1.86 0.89
611.82 1.7 -1.11
