6.61 0.46 1.85
16.79 0.53 -0.15
26.06 0.38 -2.15
43.84 0.83 1.85
49.27 0.81 0.85
59.14 0.43 -1.15
81.09 0.46 1.85
90.84 0.38 -0.15
100.37 0.5 -2.15
117.96 0.56 0.85
128.21 0.42 -1.15
148.63 0.57 1.85
162.47 0.46 -1.15
167.66 0.4 -2.15
226.09 0.49 1.85
236.2 0.48 -0.15
246.2 0.5 -2.15
264.04 0.5 1.85
269.69 0.75 0.85
279.22 0.46 -1.15
299.89 0.43 1.85
311.23 0.41 -0.15
320.26 0.45 -2.15
335.48 0.58 0.85
340.27 0.43 -0.15
344.41 1.03 -1.15
363.62 0.52 1.85
368.58 0.4 0.85
373.43 0.54 -0.15
402.59 0.52 1.85
412.74 0.67 -0.15
422.58 0.51 -2.15
439.15 1.18 0.85
449.4 0.43 -1.15
468.9 1.9 0.85
473.92 1.18 -0.15
500.61 0.41 1.85
511.39 0.69 -0.15
520.67 0.59 -2.15
538.93 0.41 0.85
549.26 0.41 -1.15
570.3 0.54 0.85
576.31 0.49 -0.15
581.48 0.67 -1.15
604.1 0.51 0.85
614.34 0.57 -1.15
