7.14 1.32 1.72
11.28 0.95 0.72
22.6 0.89 -1.28
43.74 1.13 1.72
49.68 0.69 0.72
64.25 0.83 -2.28
118.91 0.43 0.72
128.13 0.53 -1.28
150.56 0.58 1.72
155.3 0.97 0.72
164.6 1.21 -1.28
185.86 0.75 0.72
196.31 0.49 -1.28
217.83 0.39 0.72
223.35 1.01 -0.28
232.49 0.46 -2.28
251.27 0.73 0.72
260.18 0.62 -1.28
281.58 0.45 1.72
291.41 0.68 -0.28
302.01 0.45 -2.28
318.78 1.46 0.72
334.48 0.52 -2.28
351.03 0.65 0.72
361.15 0.78 -1.28
381.6 0.71 0.72
385.98 0.84 -0.28
390.73 0.7 -1.28
411.86 0.55 1.72
417.51 0.38 0.72
421.71 0.5 -0.28
451.16 1.09 0.72
455.42 1.02 -0.28
465.76 0.78 -2.28
482.28 0.96 1.72
486.38 0.73 0.72
497.58 1.14 -1.28
517 0.47 1.72
522.57 1.15 0.72
532.79 0.77 -1.28
555.03 0.61 1.72
560.18 0.96 0.72
570.43 0.76 -1.28
593.28 1.01 1.72
597.73 1.53 0.72
606.43 0.69 -1.28
