5.61 1.05 2
17.28 0.41 0
26.24 0.63 -2
45 0.72 2
55.83 0.53 0
89.96 0.59 1
99.7 0.43 -1
121.97 0.53 1
126.76 0.48 0
137.06 0.49 -2
159.35 0.49 0
170.21 0.37 -2
186.4 1.09 2
195.77 0.89 0
206.63 0.76 -2
224.43 0.64 2
228.75 1.05 1
233.07 0.39 0
237.66 1.02 -1
260.01 0.62 1
269.48 0.4 -1
292.68 0.98 1
306.14 0.53 -2
323.1 0.8 1
333.22 0.52 -1
357.12 0.45 2
362.58 0.39 1
367.03 0.74 0
398.91 0.44 1
409.58 0.61 -1
434.03 0.55 2
444.37 0.39 0
454.51 1.34 -2
472.22 0.62 1
483.29 1 -1
511.4 0.57 0
521.23 1.14 -2
537.16 0.52 1
554.1 0.62 -2
570.95 0.61 1
581.83 0.43 -1
586.87 0.55 -2
604.67 0.82 2
608.98 0.58 1
617.79 0.48 -1
