5.4 0.52 0.95
14.49 0.59 -1.05
36.71 0.61 1.95
42.34 0.45 0.95
53.44 0.36 -1.05
80.67 0.37 0.95
91.35 0.6 -1.05
113.22 0.63 1.95
118.59 0.39 0.95
123.03 1.34 -0.05
184.17 0.28 0.95
188.62 0.27 -0.05
221.67 0.31 0.95
232.64 0.31 -1.05
253.34 0.45 1.95
264.2 0.29 -0.05
274.2 2.71 -2.05
291.68 0.72 0.95
302.73 0.32 -1.05
323.27 1.46 0.95
333.98 1.25 -1.05
356.81 0.33 1.95
368.65 0.41 -0.05
378.34 0.46 -2.05
395.66 0.29 0.95
405.05 0.39 -1.05
409.17 0.52 -2.05
425.33 0.44 1.95
434.25 0.32 -0.05
445.09 0.45 -2.05
462.69 0.55 0.95
472.92 0.41 -1.05
497.29 0.33 1.95
507.58 0.7 -0.05
518.46 0.33 -2.05
536.91 0.32 1.95
546.43 0.34 -0.05
555.43 0.39 -2.05
573.54 0.29 0.95
582.85 0.43 -1.05
609.55 0.32 0.95
618.13 0.75 -1.05
624.07 0.79 -2.05
