10.48 0.42 0.9
20.2 0.46 -1.1
24.72 0.41 -2.1
40.03 0.57 1.9
51.29 0.38 -0.1
60.6 0.57 -2.1
107.12 0.37 1.9
123.25 0.39 -1.1
142.83 0.51 1.9
147.6 0.39 0.9
156.49 0.38 -1.1
183.45 0.38 -0.1
211.6 0.43 0.9
221.04 0.5 -1.1
242.13 0.43 0.9
252.83 0.4 -1.1
275.81 0.45 1.9
285.76 0.39 -0.1
296.01 0.43 -2.1
312.89 0.52 1.9
317.73 0.55 0.9
322.2 0.86 -0.1
349.47 0.39 1.9
353.62 1.27 0.9
363.79 0.4 -1.1
385.37 0.4 1.9
395.6 0.41 -0.1
423.73 0.45 1.9
433.99 1.09 -0.1
444.11 0.58 -2.1
462.02 0.38 0.9
466.5 0.47 -0.1
477.45 0.64 -2.1
539.57 0.53 -0.1
550.83 0.36 -2.1
566.62 0.44 0.9
577.38 0.41 -1.1
598.89 0.5 0.9
613.2 0.41 -2.1
