7.07 0.85 0.88
16.06 0.57 -1.12
20.44 0.42 -2.12
36.57 0.75 1.88
41.58 0.91 0.88
52.17 0.85 -1.12
77.5 1.26 0.88
88.14 0.85 -1.12
110.06 0.89 1.88
114.57 0.89 0.88
125.52 0.94 -1.12
149.25 0.66 0.88
153.85 0.69 -0.12
157.9 0.59 -1.12
221.92 0.39 0.88
227.12 0.48 -0.12
232.11 1.08 -1.12
258.01 2 0.88
274.49 0.66 -2.12
291.19 0.63 0.88
302.25 0.68 -1.12
325.79 0.52 0.88
335.29 0.63 -1.12
356.46 1.7 0.88
365.89 0.52 -1.12
389.96 0.89 0.88
399.37 0.71 -1.12
428.06 1.62 0.88
442.5 0.37 -2.12
459.65 0.39 1.88
464.39 0.54 0.88
481.89 0.79 -2.12
499.11 1.59 0.88
504.56 1.17 -0.12
532.12 0.72 0.88
537.3 0.4 -0.12
565.32 0.56 0.88
576.57 0.41 -1.12
600.31 0.71 1.88
605.33 0.46 0.88
615.91 0.4 -1.12
