5.22 1.22 1.05555555555556
16.18 1.12 -0.944444444444445
70.64 1.24 1.05555555555556
96.33 1.88 1.05555555555556
129.19 0.84 2.05555555555556
133.55 1.16 1.05555555555556
147.64 0.48 -1.94444444444444
234.1 0.78 1.05555555555556
243.63 1.3 -0.944444444444445
317.2 0.89 -0.944444444444445
350.14 0.94 -0.944444444444445
371.31 1.61 2.05555555555556
376.52 1.27 1.05555555555556
413.52 0.78 1.05555555555556
439.6 0.73 -1.94444444444444
468.13 1.05 -0.944444444444445
508.59 0.87 -1.94444444444444
576.33 0.9 -0.944444444444445
