77.92 2.06 0.684210526315789
136.46 1.4 -1.31578947368421
170.96 1.33 -0.315789473684211
209.19 0.75 -1.31578947368421
231.79 1.13 1.68421052631579
247.75 0.68 -1.31578947368421
269.03 1.48 0.684210526315789
274.04 1.4 -0.315789473684211
299.29 0.69 1.68421052631579
304.69 1.08 0.684210526315789
318.37 1.36 -2.31578947368421
373.09 0.79 1.68421052631579
388.86 2.04 -1.31578947368421
413.04 1.58 0.684210526315789
422.85 0.58 -1.31578947368421
521.77 1.87 0.684210526315789
564.12 0.59 -1.31578947368421
587.2 0.8 1.68421052631579
591.87 1.03 0.684210526315789
