20.57 0.87 -0.705882352941177
113.1 0.6 1.29411764705882
129.61 0.74 -1.70588235294118
155.84 0.55 -0.705882352941177
189.46 0.79 -0.705882352941177
222.84 0.73 0.294117647058823
250.23 0.55 1.29411764705882
255.06 1.21 0.294117647058823
320.51 0.72 1.29411764705882
336.62 0.68 -1.70588235294118
365.16 0.54 -0.705882352941177
434.93 0.64 -0.705882352941177
530.57 0.52 2.29411764705882
535.29 0.65 1.29411764705882
550.77 0.82 -1.70588235294118
577.29 0.61 -0.705882352941177
598.71 1.44 1.29411764705882
