21.91 0.58 -0.578947368421053
44.37 0.68 1.42105263157895
87.29 0.54 -0.578947368421053
121.28 0.46 0.421052631578947
152.93 0.54 1.42105263157895
167.19 0.5 -1.57894736842105
200.14 0.49 -1.57894736842105
231.37 0.54 -0.578947368421053
254.02 0.47 2.42105263157895
259.17 0.54 1.42105263157895
273.78 0.62 -1.57894736842105
299.1 0.57 -0.578947368421053
336.57 0.68 -0.578947368421053
443.68 0.51 -0.578947368421053
536.83 0.47 -0.578947368421053
567.51 0.65 -0.578947368421053
589.83 0.86 1.42105263157895
598.7 0.47 1.42105263157895
609.68 0.47 -0.578947368421053
