66.1 0.78 0.222222222222222
86.71 1.15 2.22222222222222
109.29 2.46 2.22222222222222
128.12 1.97 0.222222222222222
192.69 1.95 -1.77777777777778
250.44 1.3 -1.77777777777778
274.24 2.46 1.22222222222222
279.3 1.81 0.222222222222222
349.03 0.54 0.222222222222222
378.82 0.56 1.22222222222222
429.58 0.75 -1.77777777777778
452.01 2.34 1.22222222222222
461.27 0.77 -0.777777777777778
488.13 1.89 0.222222222222222
504.4 0.57 -2.77777777777778
557.87 1.33 -0.777777777777778
584.92 1.49 1.22222222222222
595.94 0.8 -0.777777777777778
