7.95 0.59 1.17647058823529
23.08 0.72 -1.82352941176471
49.96 0.48 0.176470588235294
86.35 0.4 0.176470588235294
122.96 0.35 -0.823529411764706
200.17 0.39 -0.823529411764706
232.36 0.38 -0.823529411764706
253.52 0.57 1.17647058823529
258.7 0.59 0.176470588235294
299.37 0.44 -0.823529411764706
330.88 0.48 -0.823529411764706
421.09 2.64 1.17647058823529
458.14 0.39 0.176470588235294
526.13 0.77 1.17647058823529
531.97 0.77 0.176470588235294
560.95 0.41 1.17647058823529
571.06 0.64 -0.823529411764706
