5.82 0.66 0.941176470588236
15.82 0.89 -1.05882352941176
84.07 0.69 -1.05882352941176
143.25 0.8 0.941176470588236
182.66 0.44 -1.05882352941176
213.7 0.66 -0.0588235294117645
330.04 2.38 0.941176470588236
340.57 0.59 -1.05882352941176
396.47 0.97 0.941176470588236
406.2 2.09 0.941176470588236
442.33 0.94 0.941176470588236
482 0.55 -2.05882352941176
499.32 0.64 0.941176470588236
504.51 0.54 -0.0588235294117645
562.53 2.7 1.94117647058824
571.58 0.82 -0.0588235294117645
613.52 0.56 -2.05882352941176
