16.5 1.3 -0.818181818181818
22.18 0.75 -1.81818181818182
43.33 0.81 1.18181818181818
53.95 0.98 -0.818181818181818
58.85 0.9 -1.81818181818182
75.89 1.31 1.18181818181818
81.81 0.86 0.181818181818182
86.45 0.92 -0.818181818181818
108.71 1.95 1.18181818181818
129.94 0.48 1.18181818181818
232.69 1.19 3.18181818181818
243.95 1.08 1.18181818181818
276.08 2 1.18181818181818
287.28 0.76 -0.818181818181818
347.68 0.5 -0.818181818181818
352.86 0.56 -1.81818181818182
460.16 2.63 -1.81818181818182
476.53 1.01 2.18181818181818
482.46 0.94 1.18181818181818
494.3 0.7 -0.818181818181818
505.87 2.38 -0.818181818181818
516.29 0.48 -0.818181818181818
