5.57 1.76 2.11764705882353
11.16 1.04 1.11764705882353
22.33 1.58 -0.882352941176471
116.55 1.3 2.11764705882353
128.09 1.22 0.117647058823529
166.63 1.05 -0.882352941176471
191.98 1.18 0.117647058823529
202.95 0.7 -1.88235294117647
221.17 0.79 1.11764705882353
226.91 0.69 0.117647058823529
403.5 0.95 -1.88235294117647
440.14 1.22 -0.882352941176471
519.49 0.55 -0.882352941176471
524.64 0.61 -1.88235294117647
542.74 0.92 2.11764705882353
548.82 0.75 1.11764705882353
558.06 1.14 -0.882352941176471
