121.97 0.53 1.23529411764706
126.76 0.48 0.235294117647059
137.06 0.49 -1.76470588235294
206.63 0.76 -1.76470588235294
224.43 0.64 2.23529411764706
228.75 1.05 1.23529411764706
233.07 0.39 0.235294117647059
237.66 1.02 -0.764705882352941
260.01 0.62 1.23529411764706
269.48 0.4 -0.764705882352941
472.22 0.62 1.23529411764706
483.29 1 -0.764705882352941
511.4 0.57 0.235294117647059
570.95 0.61 1.23529411764706
581.83 0.43 -0.764705882352941
586.87 0.55 -1.76470588235294
617.79 0.48 -0.764705882352941
