22.6 0.89 -1.11764705882353
86.7 0.75 0.882352941176471
128.13 0.53 -1.11764705882353
302.01 0.45 -2.11764705882353
351.03 0.65 0.882352941176471
361.15 0.78 -1.11764705882353
381.6 0.71 0.882352941176471
385.98 0.84 -0.117647058823529
390.73 0.7 -1.11764705882353
451.16 1.09 0.882352941176471
455.42 1.02 -0.117647058823529
482.28 0.96 1.88235294117647
486.38 0.73 0.882352941176471
570.43 0.76 -1.11764705882353
593.28 1.01 1.88235294117647
597.73 1.53 0.882352941176471
606.43 0.69 -1.11764705882353
