5.31 0.55 2.04761904761905
9.77 0.44 1.04761904761905
14.28 0.45 0.0476190476190474
23.08 0.4 -1.95238095238095
115.51 0.38 2.04761904761905
172.1 0.49 -0.952380952380953
262.66 0.58 2.04761904761905
267.15 0.49 1.04761904761905
276.23 0.48 -0.952380952380953
334.94 0.41 1.04761904761905
344.24 0.42 -0.952380952380953
349.23 0.37 -1.95238095238095
446.34 0.37 0.0476190476190474
479.19 0.58 0.0476190476190474
488.97 0.41 -1.95238095238095
505.91 0.37 1.04761904761905
511.37 0.4 0.0476190476190474
520.39 0.36 -1.95238095238095
575.32 0.5 1.04761904761905
580.2 0.49 0.0476190476190474
584.58 0.41 -0.952380952380953
