121.19 1.24 0.882352941176471
191.33 1.26 0.882352941176471
201.86 0.49 -1.11764705882353
265.58 1.13 -1.11764705882353
292.19 0.72 0.882352941176471
301.46 0.73 -1.11764705882353
306.97 0.75 -2.11764705882353
362.46 1.3 -0.117647058823529
427.66 0.62 1.88235294117647
439.24 0.42 -0.117647058823529
448.32 0.74 -2.11764705882353
464.2 0.7 1.88235294117647
469.25 0.4 0.882352941176471
480.67 1.05 -1.11764705882353
504.54 0.69 1.88235294117647
510.47 0.63 0.882352941176471
521.31 0.83 -1.11764705882353
