6.92 0.79 0.882352941176471
12.34 1 -0.117647058823529
16.85 1.17 -1.11764705882353
187.17 0.85 0.882352941176471
191.89 0.95 -0.117647058823529
218.65 0.91 0.882352941176471
291.28 1.62 1.88235294117647
302.44 0.61 -0.117647058823529
378.77 0.79 0.882352941176471
387.52 0.63 -1.11764705882353
391.97 0.77 -2.11764705882353
425.71 1.32 -1.11764705882353
454.38 0.69 -0.117647058823529
491.61 0.59 -1.11764705882353
520.27 1.48 -0.117647058823529
562.9 1.18 0.882352941176471
613.35 0.69 0.882352941176471
