88.39 0.62 0.222222222222222
99 0.94 -1.77777777777778
150.91 1.25 2.22222222222222
197.75 0.48 2.22222222222222
207.47 0.48 0.222222222222222
218.22 0.63 -1.77777777777778
245.11 1.51 -0.777777777777778
276.45 1.8 -0.777777777777778
377.25 0.6 2.22222222222222
381.37 0.78 1.22222222222222
386.49 0.85 0.222222222222222
396.41 0.87 -1.77777777777778
419.45 0.92 0.222222222222222
491.65 0.83 -0.777777777777778
530.24 1.02 -1.77777777777778
545.02 0.39 2.22222222222222
555.83 0.87 0.222222222222222
565.79 1.27 -1.77777777777778
