16.32 0.52 0.333333333333333
21.15 0.45 -0.666666666666667
25.29 0.92 -1.66666666666667
147.64 0.46 -1.66666666666667
178.98 0.42 -0.666666666666667
199.24 0.51 2.33333333333333
209.79 0.38 0.333333333333333
215.71 0.43 -0.666666666666667
220.53 0.44 -1.66666666666667
287.87 0.48 -0.666666666666667
342.98 0.54 2.33333333333333
348.61 0.45 1.33333333333333
357.31 0.5 -0.666666666666667
380.98 0.54 2.33333333333333
391.32 1.02 0.333333333333333
401.72 0.41 -1.66666666666667
454.45 0.85 1.33333333333333
598.54 0.42 -0.666666666666667
