59.53 2.05 0.578947368421053
104.65 0.79 -1.42105263157895
134.63 0.77 0.578947368421053
165.94 0.89 1.57894736842105
232.9 0.74 0.578947368421053
244.4 1.21 -1.42105263157895
266.86 0.75 0.578947368421053
272.08 1.59 -0.421052631578947
299.58 2.15 0.578947368421053
499.87 0.66 0.578947368421053
504.37 1.01 -0.421052631578947
509.89 1.01 -1.42105263157895
530.97 1.05 1.57894736842105
535.06 0.88 0.578947368421053
564.26 1.03 0.578947368421053
573.73 0.95 -1.42105263157895
602.78 2.68 0.578947368421053
607.94 1.19 -0.421052631578947
613.94 0.81 -1.42105263157895
