152.79 0.38 0.764705882352941
184.6 0.35 0.764705882352941
193.85 0.57 -1.23529411764706
223.13 0.48 -0.235294117647059
232.66 0.6 -2.23529411764706
254.91 0.41 0.764705882352941
361.36 0.54 1.76470588235294
365.69 0.38 0.764705882352941
375.08 0.44 -1.23529411764706
399.2 0.49 1.76470588235294
405.19 0.36 0.764705882352941
409.79 0.34 -0.235294117647059
415.02 0.36 -1.23529411764706
435.24 0.62 0.764705882352941
446.09 0.48 -1.23529411764706
469.3 0.39 0.764705882352941
477.65 0.48 -1.23529411764706
