109.62 0.95 1.84210526315789
113.98 0.48 0.842105263157895
155.86 0.47 -1.15789473684211
224.81 0.39 -1.15789473684211
245.88 0.74 1.84210526315789
251.42 0.38 0.842105263157895
260.45 0.34 -1.15789473684211
292.24 0.38 -1.15789473684211
368.47 1.03 -1.15789473684211
402.32 0.54 1.84210526315789
412.43 0.35 -0.157894736842105
440.86 0.54 0.842105263157895
474.04 0.53 0.842105263157895
519.81 0.36 -2.15789473684211
550.86 0.39 -1.15789473684211
571.8 0.54 0.842105263157895
607.58 0.39 0.842105263157895
613.27 0.36 -0.157894736842105
618.73 0.35 -1.15789473684211
