6.73 0.47 2.77777777777778
16.72 0.41 0.777777777777778
22.02 0.48 -0.222222222222222
26.48 1.2 -1.22222222222222
90.31 0.77 -1.22222222222222
107.74 1.23 1.77777777777778
117.22 1.08 -0.222222222222222
147.8 0.65 0.777777777777778
157.89 0.5 -1.22222222222222
185.69 0.76 0.777777777777778
196.44 1.6 -1.22222222222222
288.69 1.03 -0.222222222222222
362.52 0.67 -0.222222222222222
433.78 0.94 -0.222222222222222
506.38 0.68 -1.22222222222222
536.29 0.73 0.777777777777778
545.68 2.19 -1.22222222222222
571.57 1.59 0.777777777777778
