12.98 1.89 1.11111111111111
18.5 2.58 0.111111111111111
23.97 1.97 -0.888888888888889
84.62 2.16 1.11111111111111
90.18 1.01 0.111111111111111
99.32 1.19 -1.88888888888889
126.2 0.88 0.111111111111111
210.59 0.97 -1.88888888888889
228.94 1.95 2.11111111111111
233.1 1.23 1.11111111111111
242.64 1.8 -0.888888888888889
290.72 0.94 -1.88888888888889
316.58 1.1 0.111111111111111
344.67 0.55 1.11111111111111
349.05 1.14 0.111111111111111
418.59 1.43 0.111111111111111
476.29 1.45 1.11111111111111
597.77 1.09 -0.888888888888889
