42.79 0.62 0.863636363636364
47.26 0.47 -0.136363636363636
53.04 0.81 -1.13636363636364
140.92 0.61 1.86363636363636
151.05 1.26 -0.136363636363636
180.04 1.96 0.863636363636364
213.8 1.16 0.863636363636364
251.71 0.74 0.863636363636364
256.92 0.8 -0.136363636363636
262.45 1.27 -1.13636363636364
368.76 0.72 -1.13636363636364
400.26 0.8 -1.13636363636364
496.52 0.88 -1.13636363636364
519.01 0.76 0.863636363636364
523.24 2.31 -0.136363636363636
550.4 0.74 0.863636363636364
556.37 0.76 -0.136363636363636
566.11 0.8 -2.13636363636364
584.12 0.76 1.86363636363636
589.26 0.78 0.863636363636364
593.44 0.75 -0.136363636363636
599.26 0.89 -1.13636363636364
