41.39 0.55 -0.555555555555555
50.89 0.54 -2.55555555555556
68.43 1.17 1.44444444444444
73.51 0.65 0.444444444444445
79.46 0.49 -0.555555555555555
89.83 0.46 -2.55555555555556
189.65 0.52 -1.55555555555556
194.32 0.62 -2.55555555555556
252.9 0.51 0.444444444444445
262.61 0.47 -1.55555555555556
284.98 1.24 1.44444444444444
367.73 1.56 -1.55555555555556
406.98 1.04 -0.555555555555555
458.53 1.22 4.44444444444444
468.13 0.47 2.44444444444444
473.54 0.6 1.44444444444444
477.8 0.54 0.444444444444445
587.15 1.36 1.44444444444444
