188.21 1.23 1.17647058823529
197.42 1.02 -0.823529411764706
219.68 0.6 2.17647058823529
297.06 0.53 2.17647058823529
301.56 0.61 1.17647058823529
311.08 1.07 -0.823529411764706
351.98 0.61 -0.823529411764706
385.91 0.73 -0.823529411764706
442.43 0.62 1.17647058823529
447.45 0.57 0.176470588235294
459.02 1.61 -1.82352941176471
510.83 0.73 1.17647058823529
521.28 1.11 -0.823529411764706
557.38 1.06 -1.82352941176471
580.42 0.39 1.17647058823529
590.46 0.57 -0.823529411764706
595.08 0.6 -1.82352941176471
