63.05 0.59 -2.17647058823529
91.18 0.76 -1.17647058823529
190.96 0.5 0.823529411764706
205.6 1.03 0.823529411764706
245.58 0.55 1.82352941176471
249.73 0.52 0.823529411764706
254.92 0.66 -0.176470588235294
266.51 0.77 -2.17647058823529
292.14 0.64 -0.176470588235294
328.83 0.64 -1.17647058823529
352.1 1.24 1.82352941176471
356.89 0.66 0.823529411764706
367.48 0.7 -1.17647058823529
457.04 0.64 1.82352941176471
461.81 0.43 0.823529411764706
466.12 0.62 -0.176470588235294
471.81 0.51 -1.17647058823529
