80.2 1.16 -0.818181818181818
101.96 0.46 1.18181818181818
113.39 0.82 -0.818181818181818
118.28 1.04 -1.81818181818182
143.11 0.53 0.181818181818182
204.66 1 2.18181818181818
208.97 0.58 1.18181818181818
214.35 0.79 0.181818181818182
223.83 0.7 -1.81818181818182
239.93 1.95 2.18181818181818
245.47 0.99 1.18181818181818
256.01 0.76 -0.818181818181818
266.9 0.94 -0.818181818181818
293.26 0.64 -0.818181818181818
322.78 0.62 -0.818181818181818
434.89 1.2 1.18181818181818
483.59 0.74 -1.81818181818182
499.36 1.44 1.18181818181818
510.9 0.7 -0.818181818181818
571.56 0.58 2.18181818181818
581.08 0.7 0.181818181818182
592.34 0.75 -1.81818181818182
