69.34 0.89 -0.882352941176471
164.29 0.66 1.11764705882353
173.79 0.99 -0.882352941176471
177.96 0.65 -1.88235294117647
200.92 0.6 0.117647058823529
228.61 0.75 1.11764705882353
232.68 2.15 0.117647058823529
238.39 0.89 -0.882352941176471
275.42 0.58 -0.882352941176471
339.35 2.62 2.11764705882353
359.88 1.45 2.11764705882353
423.45 1.18 -0.882352941176471
485.41 1.09 0.117647058823529
495.66 0.54 -1.88235294117647
524.73 0.72 -0.882352941176471
559.63 1.32 2.11764705882353
590.97 0.55 0.117647058823529
