5.43 0.59 1.52631578947368
15.41 0.6 -0.473684210526316
90.2 0.46 -1.47368421052632
122.21 0.44 -1.47368421052632
158.26 0.67 -1.47368421052632
225.4 0.47 -0.473684210526316
247.99 0.42 1.52631578947368
253.26 0.49 0.526315789473684
257.91 1.25 -0.473684210526316
279.3 0.59 2.52631578947368
290.73 0.43 0.526315789473684
295.27 0.52 -0.473684210526316
299.89 0.47 -1.47368421052632
388.42 0.48 2.52631578947368
398.59 0.46 0.526315789473684
403.3 0.47 -0.473684210526316
407.59 0.47 -1.47368421052632
579.49 0.9 -0.473684210526316
610.51 1.59 0.526315789473684
