17.7 0.48 -0.809523809523809
53.35 0.55 0.190476190476191
117.37 0.69 1.19047619047619
144.97 0.55 1.19047619047619
155.95 0.76 -0.809523809523809
179.49 0.44 1.19047619047619
183.61 0.39 0.190476190476191
193.09 0.39 -1.80952380952381
232.64 0.43 -1.80952380952381
283.18 0.41 1.19047619047619
294.35 0.8 -0.809523809523809
298.59 0.43 -1.80952380952381
314.36 0.41 1.19047619047619
318.5 0.46 0.190476190476191
323.88 0.36 -0.809523809523809
349.68 1.29 1.19047619047619
355.66 2.07 0.190476190476191
383.06 0.65 1.19047619047619
402.83 0.63 -0.809523809523809
428.96 0.62 0.190476190476191
498.66 0.79 0.190476190476191
