201804129 1 0.944444444444444
201804129 2 0.944444444444444
201804129 3 0.833333333333333
201804129 4 0.833333333333333
201804130 1 0.5
201804130 2 0.833333333333333
201804130 3 0.823529411764706
201804130 4 0.947368421052632
201804131 1 0.75
201804131 2 0.777777777777778
201804131 3 0.833333333333333
201804131 4 0.777777777777778
201804132 2 0.833333333333333
201804132 3 0.888888888888889
201804132 4 0.888888888888889
201804133 1 0.888888888888889
201804133 2 0.888888888888889
201804133 3 0.944444444444444
201804133 4 0.888888888888889
201805002 1 0.888888888888889
201805002 2 0.894736842105263
201805002 3 0.944444444444444
201805002 4 0.888888888888889
201805007 1 0.764705882352941
201805007 2 0.888888888888889
201805007 3 0.894736842105263
201805007 4 0.894736842105263
201805009 1 0.764705882352941
201805009 2 0.894736842105263
201805009 4 0.842105263157895
201805011 1 0.764705882352941
201805011 2 0.894736842105263
201805011 3 0.944444444444444
201805017 1 0.823529411764706
201805017 2 0.888888888888889
201805017 3 0.684210526315789
201805017 4 0.947368421052632
201805044 1 0.833333333333333
201805044 2 0.722222222222222
201805044 3 0.842105263157895
201805044 4 0.894736842105263
201805091 1 0.75
201805091 2 0.833333333333333
201805091 3 0.777777777777778
201805091 4 0.894736842105263
201805092 1 0.882352941176471
201805093 1 0.894736842105263
201805093 2 0.842105263157895
201805093 3 0.947368421052632
201805093 4 0.833333333333333
201805117 1 0.777777777777778
201805117 3 0.777777777777778
201806001 2 0.842105263157895
201806001 3 0.823529411764706
201806001 4 0.888888888888889
201806008 1 0.705882352941177
201806008 2 0.6875
201806008 3 0.894736842105263
201806008 4 0.764705882352941
201806025 1 0.8125
201806025 2 0.736842105263158
201806025 3 0.888888888888889
201806026 2 0.894736842105263
201806026 3 0.833333333333333
201806026 4 0.894736842105263
201806045 1 0.894736842105263
201806045 2 0.894736842105263
201806045 3 0.894736842105263
201806045 4 0.888888888888889
201806046 1 0.882352941176471
201806046 2 0.722222222222222
201806046 3 0.888888888888889
201806046 4 0.882352941176471
201806064 1 0.842105263157895
201806064 3 0.823529411764706
201806064 4 0.833333333333333
201806065 1 0.842105263157895
201806065 2 0.894736842105263
201806065 3 0.789473684210526
201806065 4 0.842105263157895
201806066 1 0.888888888888889
201806094 1 0.833333333333333
201806094 2 0.888888888888889
201806094 3 0.842105263157895
201806094 4 0.888888888888889
201806095 1 0.882352941176471
201806095 2 0.894736842105263
201806095 4 0.789473684210526
201806096 1 0.714285714285714
201806096 2 0.8125
201806096 3 0.842105263157895
201805003 1 0.722222222222222
201805003 2 0.842105263157895
201805008 1 0.625
201805008 2 0.888888888888889
201805008 3 0.947368421052632
201805008 4 0.722222222222222
201805010 1 0.894736842105263
201805010 2 0.888888888888889
201805010 3 0.944444444444444
201805010 4 0.894736842105263
201805018 2 0.894736842105263
201805018 3 0.833333333333333
201805018 4 0.888888888888889
