201804129 1 0.944444444444444
201804129 2 0.944444444444444
201804129 3 0.833333333333333
201804129 4 0.833333333333333
201804130 1 0.5
201804130 2 0.833333333333333
201804130 3 0.823529411764706
201804130 4 0.947368421052632
201804131 1 0.75
201804131 2 0.777777777777778
201804131 3 0.833333333333333
201804131 4 0.777777777777778
201804132 2 0.833333333333333
201804132 3 0.888888888888889
201804132 4 0.888888888888889
201804133 1 0.888888888888889
201804133 2 0.888888888888889
201804133 3 0.944444444444444
201804133 4 0.888888888888889
201805002 1 0.888888888888889
201805002 2 0.894736842105263
201805002 3 0.944444444444444
201805002 4 0.888888888888889
201805007 1 0.764705882352941
201805007 2 0.888888888888889
201805007 3 0.894736842105263
201805007 4 0.894736842105263
201805009 1 0.764705882352941
201805009 2 0.894736842105263
201805009 4 0.842105263157895
201805011 1 0.764705882352941
201805011 2 0.894736842105263
201805011 3 0.944444444444444
201805017 1 0.823529411764706
201805017 2 0.888888888888889
201805017 3 0.684210526315789
201805017 4 0.947368421052632
201805044 1 0.833333333333333
201805044 2 0.722222222222222
201805044 3 0.842105263157895
201805044 4 0.894736842105263
201805091 1 0.75
201805091 2 0.833333333333333
201805091 3 0.777777777777778
201805091 4 0.894736842105263
201805092 1 0.882352941176471
201805093 1 0.894736842105263
201805093 2 0.842105263157895
201805093 3 0.947368421052632
201805093 4 0.833333333333333
201805117 1 0.777777777777778
201805117 3 0.777777777777778
