201806001 2 0.842105263157895
201806001 3 0.823529411764706
201806001 4 0.888888888888889
201806008 1 0.705882352941177
201806008 2 0.6875
201806008 3 0.894736842105263
201806008 4 0.764705882352941
201806025 1 0.8125
201806025 2 0.736842105263158
201806025 3 0.888888888888889
201806026 2 0.894736842105263
201806026 3 0.833333333333333
201806026 4 0.894736842105263
201806045 1 0.894736842105263
201806045 2 0.894736842105263
201806045 3 0.894736842105263
201806045 4 0.888888888888889
201806046 1 0.882352941176471
201806046 2 0.722222222222222
201806046 3 0.888888888888889
201806046 4 0.882352941176471
201806064 1 0.842105263157895
201806064 3 0.823529411764706
201806064 4 0.833333333333333
201806065 1 0.842105263157895
201806065 2 0.894736842105263
201806065 3 0.789473684210526
201806065 4 0.842105263157895
201806066 1 0.888888888888889
201806094 1 0.833333333333333
201806094 2 0.888888888888889
201806094 3 0.842105263157895
201806094 4 0.888888888888889
201806095 1 0.882352941176471
201806095 2 0.894736842105263
201806095 4 0.789473684210526
201806096 1 0.714285714285714
201806096 2 0.8125
201806096 3 0.842105263157895
201805003 1 0.722222222222222
201805003 2 0.842105263157895
201805008 1 0.625
201805008 2 0.888888888888889
201805008 3 0.947368421052632
201805008 4 0.722222222222222
201805010 1 0.894736842105263
201805010 2 0.888888888888889
201805010 3 0.944444444444444
201805010 4 0.894736842105263
201805018 2 0.894736842105263
201805018 3 0.833333333333333
201805018 4 0.888888888888889
