7.52 0.59 1.23
17.7 0.48 0.23
42.66 0.62 1.23
53.35 0.55 0.23
64.54 0.85 -0.77
82.76 0.56 0.23
86.84 1.46 0.23
91.07 0.81 0.23
100.63 0.45 -0.77
117.37 0.69 1.23
126.33 0.97 0.23
144.97 0.55 0.23
155.95 0.76 -0.77
179.49 0.44 -0.77
183.61 0.39 -0.77
193.09 0.39 -0.77
212.26 0.48 0.23
217.35 0.57 0.23
232.64 0.43 -0.77
247.88 0.7 1.23
257.82 0.44 0.23
267.41 0.42 -0.77
283.18 0.41 -0.77
294.35 0.8 -0.77
298.59 0.43 -0.77
314.36 0.41 -0.77
318.5 0.46 -0.77
323.88 0.36 -0.77
344.88 3.04 0.23
349.68 1.29 0.23
355.66 2.07 0.23
459.47 0.51 0.23
474.46 0.75 -0.77
523.98 0.62 0.23
529.39 0.6 0.23
535.02 0.69 0.23
561.2 0.73 1.23
566.59 0.56 1.23
576.05 0.59 0.23
