6.19 1.03 0.1
23.21 0.47 -0.9
29.09 0.52 -0.9
46.69 0.71 1.1
57.01 0.63 0.1
82.95 0.54 0.1
87.46 0.42 0.1
93.59 0.49 0.1
121.19 1.24 1.1
131.35 0.56 0.1
154.03 1.03 1.1
159.85 0.53 1.1
169.44 0.53 0.1
191.33 1.26 0.1
201.86 0.49 0.1
222.95 0.46 0.1
227.24 0.53 0.1
254.07 0.93 1.1
265.58 1.13 0.1
292.19 0.72 -0.9
301.46 0.73 -0.9
306.97 0.75 -0.9
326.51 0.85 0.1
332.18 0.8 0.1
393.94 0.55 1.1
404.34 0.51 0.1
427.66 0.62 0.1
439.24 0.42 -0.9
448.32 0.74 -0.9
464.2 0.7 0.1
469.25 0.4 0.1
480.67 1.05 0.1
504.54 0.69 0.1
510.47 0.63 0.1
521.31 0.83 0.1
543.52 0.74 0.1
554.05 0.64 -0.9
565.38 0.47 -0.9
583.1 0.54 0.1
594.21 0.65 -0.9
