6.81 0.53 -0.04
10.97 0.51 -0.04
27.48 0.32 -1.04
49.83 0.47 -0.04
54.79 0.62 -0.04
60.22 0.36 -0.04
83.15 0.52 0.96
87.92 0.79 0.96
98.7 0.61 -0.04
120.3 0.65 0.96
130.37 0.42 -0.04
150.2 0.37 -0.04
155.61 0.71 -0.04
165.64 0.34 -1.04
182.54 0.34 -0.04
198.57 0.54 -1.04
216.12 0.39 0.96
225.27 0.33 -0.04
247.18 0.45 -0.04
258.13 0.49 -1.04
268.01 0.5 -1.04
285.36 1.74 -0.04
289.46 1.37 -0.04
304.12 0.39 -1.04
319.89 0.61 0.96
329.49 0.44 -0.04
339.11 0.34 -1.04
357.58 0.52 -0.04
362.86 0.57 -0.04
389.45 0.43 0.96
401.22 0.79 -0.04
423.07 0.6 0.96
428.89 0.63 0.96
438.58 0.93 -0.04
466.24 0.83 -0.04
471.49 1.25 -0.04
475.92 1.33 -0.04
498.51 0.56 0.96
513.43 0.57 -0.04
536.12 0.53 -0.04
540.18 0.74 -0.04
567.76 0.47 -0.04
573.25 0.95 -0.04
577.65 3.04 -0.04
588.02 0.76 -0.04
