7.95 0.59 -0.13
23.08 0.72 -1.13
40.47 1.06 0.87
49.96 0.48 -0.13
59.89 0.44 -1.13
76.33 0.69 0.87
86.35 0.4 -0.13
97.22 0.49 -1.13
114.24 0.59 0.87
122.96 0.35 -0.13
150.63 0.51 -0.13
161.69 0.59 -1.13
185.23 0.96 0.87
189.83 1.49 0.87
200.17 0.39 -0.13
220.84 0.53 0.87
232.36 0.38 -0.13
253.52 0.57 -0.13
258.7 0.59 -0.13
288.71 0.87 0.87
299.37 0.44 -0.13
320.58 0.7 0.87
330.88 0.48 -0.13
352.45 0.44 0.87
361.17 0.61 -0.13
383.17 0.61 -0.13
387.72 1.19 -0.13
398.28 0.85 -1.13
421.09 2.64 -0.13
432.37 0.9 -1.13
487.23 0.45 -0.13
493.22 0.5 -0.13
504.51 1.52 -0.13
526.13 0.77 -0.13
531.97 0.77 -0.13
560.95 0.41 0.87
571.06 0.64 -0.13
593.29 0.86 0.87
603.38 0.71 -0.13
