7.18 0.58 0.11
16.76 0.54 -0.89
39.49 0.48 1.11
45.44 0.43 1.11
56.39 0.74 0.11
82.48 0.55 0.11
94.2 0.79 -0.89
112.5 0.55 1.11
118.11 1.07 1.11
127.15 0.72 0.11
148.27 0.51 0.11
152.93 0.58 0.11
181.03 0.8 0.11
186.04 0.46 0.11
190.2 0.78 0.11
220.86 0.46 0.11
225.14 0.93 0.11
229.98 0.74 0.11
250.95 1.57 0.11
262.52 0.46 -0.89
267.87 0.67 -0.89
291.48 0.43 -0.89
301.52 0.68 -0.89
320.49 0.61 1.11
330.29 0.48 0.11
340.35 0.57 -0.89
356.92 0.59 0.11
371.74 0.5 -0.89
390.97 0.67 1.11
396.7 0.64 1.11
406.74 0.47 0.11
430.1 0.72 0.11
439.11 0.79 -0.89
461.92 0.45 0.11
467.08 0.52 0.11
495.8 0.86 0.11
500.25 0.98 0.11
510.17 0.98 -0.89
531.59 0.36 0.11
535.78 0.39 0.11
540.43 0.61 0.11
563.83 0.4 1.11
573.41 0.84 0.11
584.25 0.56 -0.89
600.68 0.75 0.11
614.89 0.77 -0.89
620.85 0.55 -0.89
