7.18 0.48 0.02
11.36 0.44 0.02
16.88 0.65 0.02
48.8 0.56 0.02
77.72 1.28 1.02
87.23 0.41 0.02
97.2 0.31 -0.98
114.72 0.7 0.02
123.64 0.5 0.02
143.74 0.6 0.02
149.13 0.35 0.02
177.27 0.51 1.02
181.66 0.43 1.02
191.01 0.36 0.02
221.66 1.19 -0.98
226.4 0.44 -0.98
230.92 0.5 -0.98
254.59 1.14 1.02
264.88 0.51 0.02
288 0.44 0.02
292.24 0.36 0.02
319.32 0.5 1.02
329.55 0.59 0.02
338.37 0.46 -0.98
355.52 1.04 1.02
366.9 0.37 0.02
377.97 0.35 -0.98
394.6 0.42 -0.98
405.03 0.46 -0.98
410.43 0.44 -0.98
414.81 0.35 -0.98
431.75 0.68 1.02
437.15 0.62 1.02
448.33 0.41 0.02
468.49 2.5 1.02
477.24 0.78 0.02
497.83 0.42 1.02
507.25 0.42 0.02
537.29 0.32 -0.98
541.55 0.4 -0.98
546 0.37 -0.98
568.46 1.17 1.02
577.94 0.35 0.02
600.82 0.4 1.02
614.83 0.39 0.02
