6.6 3.05 1.14
12.13 2.38 1.14
38.48 1.73 0.14
63.08 0.94 0.14
68.14 1.41 0.14
78.17 3.04 -0.86
82.25 0.81 -0.86
105.34 0.83 0.14
120.36 0.51 -0.86
138.3 1.02 1.14
148.46 1.23 0.14
176.8 1.33 0.14
191.83 0.48 -0.86
208.61 1.12 1.14
213.73 0.94 1.14
225.51 1.05 0.14
247.66 2.79 1.14
257.25 1.81 0.14
278.22 1.61 0.14
292.71 0.96 -0.86
297.41 1.11 -0.86
315.94 1.33 1.14
326.73 1.34 0.14
357.99 1.26 -0.86
368.88 1.13 -0.86
374.31 0.53 -0.86
390.46 0.92 0.14
395.92 1.47 0.14
425.24 0.99 0.14
430.83 1.04 0.14
457.69 0.96 1.14
468.94 0.96 0.14
489.89 0.6 0.14
505.94 1.14 -0.86
522.46 0.79 0.14
538.25 0.77 -0.86
555.1 0.92 0.14
565.56 0.59 0.14
585.84 0.96 0.14
595.89 0.9 -0.86
601.6 1.09 -0.86
605.97 1.39 -0.86
