7.14 1.32 0.96
11.28 0.95 0.96
22.6 0.89 -0.04
43.74 1.13 -0.04
49.68 0.69 -0.04
64.25 0.83 -1.04
118.91 0.43 0.96
128.13 0.53 -0.04
150.56 0.58 0.96
155.3 0.97 0.96
164.6 1.21 -0.04
185.86 0.75 0.96
196.31 0.49 -0.04
217.83 0.39 -0.04
223.35 1.01 -0.04
232.49 0.46 -1.04
251.27 0.73 -0.04
260.18 0.62 -1.04
281.58 0.45 0.96
291.41 0.68 -0.04
302.01 0.45 -1.04
318.78 1.46 -0.04
334.48 0.52 -1.04
351.03 0.65 0.96
361.15 0.78 -0.04
381.6 0.71 -1.04
385.98 0.84 -1.04
390.73 0.7 -1.04
411.86 0.55 -0.04
417.51 0.38 -0.04
421.71 0.5 -0.04
451.16 1.09 -0.04
455.42 1.02 -0.04
465.76 0.78 -1.04
482.28 0.96 -0.04
486.38 0.73 -0.04
497.58 1.14 -1.04
517 0.47 0.96
522.57 1.15 0.96
532.79 0.77 -0.04
555.03 0.61 0.96
560.18 0.96 0.96
570.43 0.76 -0.04
593.28 1.01 -0.04
597.73 1.53 -0.04
606.43 0.69 -0.04
