5.49 3.06 -0.14
11.23 2.87 -0.14
15.41 3.05 -0.14
21.28 1.82 -0.14
31.79 1.22 -1.14
47.76 0.7 -0.14
62.02 0.89 -1.14
79.26 0.71 -0.14
84.25 0.9 -0.14
95.15 0.55 -0.14
119.89 0.76 0.86
131.44 1.38 -0.14
154.45 0.55 0.86
164.51 0.78 -0.14
187.02 0.96 0.86
192.1 1.05 0.86
201.43 1.57 -0.14
223.41 0.9 0.86
235.31 0.82 -0.14
245.2 0.91 -1.14
262.94 0.62 0.86
273.14 0.8 -0.14
297.32 1.11 0.86
302.31 1.66 0.86
311.44 1.04 -0.14
334.12 1.02 0.86
344.01 0.85 -0.14
354.8 1.03 -1.14
373.05 0.75 0.86
378.45 0.75 0.86
388.57 0.92 -0.14
504.41 0.84 -0.14
509.76 0.71 -0.14
524.05 0.73 -1.14
542.22 0.74 -0.14
554.08 1.12 -1.14
