5.12 0.83 0.14
10.79 0.86 0.14
42.79 0.62 -0.86
47.26 0.47 -0.86
53.04 0.81 -0.86
76.15 1.19 0.14
85.33 0.84 0.14
109.93 0.7 0.14
115.96 0.71 0.14
120.47 0.94 0.14
140.92 0.61 1.14
151.05 1.26 0.14
162.7 1.33 -0.86
180.04 1.96 1.14
191.35 1.17 0.14
213.8 1.16 0.14
225.06 0.68 -0.86
251.71 0.74 -0.86
256.92 0.8 -0.86
262.45 1.27 -0.86
285.34 1.68 0.14
295.73 0.92 0.14
318.56 0.79 0.14
328.53 0.95 -0.86
352.21 0.6 1.14
357.66 0.68 1.14
368.76 0.72 0.14
391.44 0.77 1.14
400.26 0.8 0.14
422.35 0.66 0.14
426.71 0.85 0.14
452.2 0.76 0.14
463.39 0.81 0.14
484.93 1.08 1.14
496.52 0.88 0.14
519.01 0.76 0.14
523.24 2.31 0.14
550.4 0.74 -0.86
556.37 0.76 -0.86
566.11 0.8 -0.86
584.12 0.76 0.14
589.26 0.78 0.14
593.44 0.75 0.14
599.26 0.89 0.14
