6.17 2.97 -0.09
12.22 1.16 -0.09
17.13 0.95 -0.09
37.61 0.67 0.91
43.53 0.85 0.91
54.49 1.34 -0.09
140.07 0.78 -0.09
145.98 1.42 -0.09
175.14 0.53 -0.09
180.16 0.95 -0.09
195.87 0.84 -1.09
213.34 1.52 0.91
222.73 0.65 -0.09
247.22 0.73 0.91
257.69 0.99 -0.09
268.89 0.55 -1.09
287.54 1.21 0.91
297.67 1.55 -0.09
320.63 0.54 0.91
330.96 0.75 -0.09
341.45 1.15 -1.09
359.14 0.91 0.91
363.26 1.18 0.91
373.34 0.36 -0.09
396.18 0.9 -0.09
401.48 1.08 -0.09
430.48 0.66 -0.09
441.73 0.47 -0.09
452.4 0.91 -1.09
501.92 0.6 -0.09
516.52 0.58 -1.09
539.91 3.04 -0.09
545.51 0.48 -0.09
555.83 0.4 -0.09
