8.05 1.27 -0.8
13.32 0.8 -0.8
18.08 0.88 -0.8
74.69 1.2 0.2
79.51 0.93 0.2
90.23 0.77 0.2
111.98 0.98 1.2
122.94 0.96 0.2
144.44 0.96 1.2
155.64 1.85 0.2
185.48 0.86 0.2
195.87 0.49 -0.8
212.34 2.32 0.2
216.43 0.91 0.2
226.52 0.7 -0.8
243.29 1.12 0.2
247.96 0.62 0.2
252.48 0.65 0.2
274.04 1.3 0.2
290.25 0.65 -0.8
309.53 0.87 0.2
315.44 0.93 0.2
330.5 0.67 -0.8
348.06 0.8 1.2
359.04 1.12 0.2
382.99 1.78 1.2
393.38 0.77 0.2
414.58 1.32 0.2
426 0.85 0.2
435.54 1.26 -0.8
452.03 1.24 0.2
462.77 0.62 -0.8
483.45 0.98 0.2
493.06 0.94 -0.8
503.5 0.9 -0.8
521.84 1.51 0.2
527.27 0.83 0.2
537.14 1.49 -0.8
555.35 0.87 0.2
564.8 0.98 0.2
573.26 0.81 -0.8
589.73 0.83 1.2
601.03 0.92 0.2
611.13 0.92 -0.8
