5.33 3.15 0.96
10.18 3.12 0.96
15.86 3.12 0.96
20.91 3.1 0.96
26.27 0.86 0.96
42.97 1.28 -0.04
69.29 1.33 -0.04
83.46 1.13 -1.04
107.21 1.72 -0.04
118.96 1.4 -1.04
124.03 1.94 -1.04
147.47 2.86 -0.04
162.83 0.85 -1.04
180.6 2.53 -0.04
185.48 1.12 -0.04
190.98 1.16 -0.04
220.11 0.86 -0.04
247.67 2.97 -0.04
253.13 1.01 -0.04
268.87 0.68 -1.04
285.51 3.12 -0.04
290.65 3.12 -0.04
296.18 0.47 -0.04
306.14 0.97 -1.04
329.39 0.86 -0.04
345.47 0.57 -1.04
364.73 2.13 -0.04
378.86 1.15 -1.04
396.1 3.12 0.96
401.55 3.11 0.96
407.07 1.07 0.96
417.42 1.97 -0.04
444.86 2.29 -0.04
454.31 0.72 -0.04
463.52 0.52 -1.04
479.89 1.57 0.96
489.79 0.76 -0.04
511.78 3.11 0.96
516.08 1.03 0.96
530.11 1.67 -0.04
541.22 0.83 -1.04
558.37 1.41 0.96
568.05 0.63 -0.04
577.68 1.28 -1.04
595.3 2.46 0.96
604.69 0.82 -0.04
