5.22 1.22 0.9
16.18 1.12 -0.1
38.54 0.82 -0.1
54.58 0.69 -1.1
129.19 0.84 -0.1
133.55 1.16 -0.1
147.64 0.48 -1.1
164.28 0.58 -0.1
169.51 0.79 -0.1
179.47 0.69 -1.1
195.85 0.68 -0.1
210.73 0.98 -1.1
234.1 0.78 0.9
243.63 1.3 -0.1
267.38 0.76 0.9
272.96 0.65 0.9
282.73 0.88 -0.1
306.7 0.85 0.9
317.2 0.89 -0.1
340.4 0.7 0.9
350.14 0.94 -0.1
371.31 1.61 0.9
376.52 1.27 0.9
386 0.85 -0.1
413.52 0.78 -0.1
439.6 0.73 -1.1
457.26 0.76 0.9
468.13 1.05 -0.1
489.07 0.63 -0.1
494.74 0.71 -0.1
499.97 0.98 -0.1
508.59 0.87 -1.1
531.62 0.99 -0.1
541.95 0.79 -0.1
562.32 0.73 0.9
567.25 0.67 0.9
576.33 0.9 -0.1
599.33 0.81 -0.1
610.64 0.79 -1.1
