5.14 0.59 0.05
10.79 0.37 0.05
25.58 0.36 -0.95
42.36 0.38 1.05
47.5 0.38 1.05
56.76 0.4 0.05
78.07 0.38 1.05
93.14 0.43 0.05
114.42 0.46 1.05
123.78 0.44 0.05
135.49 0.46 -0.95
152.79 0.38 1.05
163.12 0.4 0.05
184.6 0.35 0.05
193.85 0.57 -0.95
223.13 0.48 -0.95
232.66 0.6 -0.95
289.22 0.49 1.05
299.19 0.36 0.05
309.4 0.39 -0.95
326.45 0.39 0.05
330.83 0.38 0.05
344.9 0.48 -0.95
361.36 0.54 0.05
365.69 0.38 0.05
375.08 0.44 0.05
399.2 0.49 0.05
405.19 0.36 0.05
409.79 0.34 0.05
415.02 0.36 0.05
435.24 0.62 0.05
446.09 0.48 -0.95
469.3 0.39 1.05
477.65 0.48 0.05
505.67 0.63 0.05
509.97 0.44 0.05
514.11 0.61 0.05
535.12 0.45 1.05
546.58 0.35 0.05
568.39 0.38 0.05
584.34 0.56 -0.95
589.86 0.36 -0.95
