39.78 1.41 1.09
45.52 0.8 1.09
57.08 0.6 0.09
81.24 1.55 1.09
86.14 1.43 1.09
96.73 0.51 0.09
117.96 0.37 0.09
134.09 0.57 -0.91
150.13 0.35 0.09
154.56 0.28 0.09
171.11 0.65 -0.91
186.59 0.79 0.09
197.51 0.57 -0.91
218.77 0.83 0.09
223.01 0.42 0.09
251.2 0.93 0.09
257.15 0.45 0.09
287.89 0.52 0.09
298.39 0.32 -0.91
315.52 0.57 1.09
325.91 0.41 0.09
336.22 0.5 -0.91
353.68 0.33 0.09
369.18 0.33 -0.91
385.34 0.47 -0.91
390.13 0.37 -0.91
394.8 0.36 -0.91
415.34 1.83 1.09
425.31 0.65 0.09
445.76 1.88 1.09
457.04 0.78 0.09
467.6 0.65 -0.91
484.64 0.62 0.09
494.65 0.36 -0.91
500.36 0.43 -0.91
516.7 0.48 1.09
521.5 0.87 1.09
530.1 0.42 0.09
551.19 0.32 0.09
555.87 0.33 0.09
569.97 0.35 -0.91
586.96 0.39 1.09
597.92 0.33 0.09
607.63 0.36 -0.91
