5.66 0.64 1.23
17.1 0.49 0.23
45.88 0.75 0.23
55.08 0.57 -0.77
59.23 0.63 -0.77
74.11 1.08 0.23
84.58 0.44 -0.77
96.25 0.76 -0.77
114.32 1.5 1.23
118.5 0.89 1.23
128.07 0.55 0.23
153.03 0.76 1.23
164.19 0.79 0.23
175.01 0.68 -0.77
192.91 1.09 0.23
197.59 0.71 0.23
228.22 0.65 1.23
238.35 0.95 0.23
261.7 2.57 0.23
271.53 2.34 0.23
282.73 0.87 -0.77
299.83 0.57 0.23
314.32 0.35 -0.77
333.09 0.43 0.23
337.44 0.43 0.23
342.01 0.38 0.23
373.55 1.4 0.23
383.4 0.43 -0.77
400.34 0.43 1.23
411.83 0.69 0.23
441.79 0.37 -0.77
450.94 0.57 -0.77
470.43 0.44 0.23
481.14 0.41 -0.77
486.07 0.28 -0.77
490.27 0.58 -0.77
514.98 0.59 0.23
524.68 0.39 -0.77
529.22 0.41 -0.77
548.39 2.09 0.23
558.85 0.49 0.23
568.63 0.62 -0.77
586.19 0.4 0.23
595.43 0.39 0.23
