10.12 0.54 0.14
15.13 0.52 0.14
21.16 1.39 0.14
43.24 0.61 1.14
48.42 1.54 1.14
59.32 0.57 0.14
85.84 0.45 0.14
101.55 0.99 -0.86
119.4 0.68 0.14
124.36 1.19 0.14
150 0.45 0.14
159.53 1.18 0.14
169.36 0.74 -0.86
185.13 1.62 0.14
201.09 0.73 -0.86
216.41 0.5 0.14
226.75 0.44 -0.86
232 0.4 -0.86
236.32 1.01 -0.86
253.02 0.32 0.14
258.05 0.36 0.14
262.84 0.62 0.14
288.78 0.71 0.14
294.5 0.69 0.14
309.5 0.6 -0.86
327.75 0.72 0.14
332.13 0.56 0.14
343.81 0.62 -0.86
366.14 0.69 1.14
370.66 2.68 1.14
379.41 0.97 0.14
402.03 0.48 0.14
410.74 0.65 0.14
432.27 0.65 0.14
437.74 0.57 0.14
471.11 0.4 0.14
487.33 0.73 -0.86
503.92 0.73 0.14
513.32 0.94 0.14
535.93 0.52 0.14
541.42 0.71 0.14
557.03 0.22 -0.86
575.6 0.12 0.14
584.13 0.65 0.14
