41.89 0.7 0.08
57.47 0.67 -0.92
61.87 0.75 -0.92
77.67 0.65 1.08
86.49 0.85 0.08
97.48 0.86 -0.92
113.74 0.77 1.08
122.9 0.9 0.08
134.36 0.69 -0.92
155.83 0.74 0.08
166.26 0.94 -0.92
186.54 1.12 0.08
195.97 1.19 -0.92
206.56 0.62 -0.92
319.53 0.74 1.08
328.11 1.33 0.08
351.1 1.3 1.08
361.04 1.6 0.08
382.41 1.68 0.08
387.89 1.55 0.08
397.11 1.06 -0.92
412.61 0.7 1.08
423.03 0.88 0.08
433.24 0.69 -0.92
450.36 1.35 0.08
465.62 0.8 -0.92
481.35 0.77 1.08
492.92 1.15 0.08
513.68 1.62 0.08
523.68 0.84 -0.92
528 1.1 -0.92
532.78 1 -0.92
550.58 0.74 1.08
556.41 2.35 1.08
565.35 1.27 0.08
587.35 3.04 1.08
591.99 0.35 1.08
603.05 0.81 0.08
