6.92 0.79 -1.1
12.34 1 -1.1
16.85 1.17 -1.1
37.8 0.74 0.9
43.29 0.74 0.9
53.72 1.01 -0.1
79.81 0.65 0.9
85.75 0.77 0.9
95.35 0.81 -0.1
122.46 0.78 -0.1
148.81 1.4 0.9
154.74 1.3 0.9
163.48 0.99 -0.1
187.17 0.85 -0.1
191.89 0.95 -0.1
202.25 0.67 -1.1
218.65 0.91 0.9
229.55 0.72 -0.1
253.43 0.66 0.9
258.36 0.43 0.9
268.71 0.75 -0.1
291.28 1.62 0.9
302.44 0.61 -0.1
314.13 0.65 -1.1
331.73 3.11 -0.1
336.29 3.17 -0.1
341.51 0.7 -0.1
352.08 0.73 -0.1
378.77 0.79 -1.1
387.52 0.63 -1.1
391.97 0.77 -1.1
454.38 0.69 -0.1
464.42 0.73 -1.1
481.46 0.98 0.9
491.61 0.59 -0.1
562.9 1.18 0.9
574.03 1.94 -0.1
613.35 0.69 0.9
624.15 0.8 -0.1
