7 0.87 0.11
17.7 1.36 0.11
27.43 1.1 -0.89
97.85 1.24 0.11
107.81 1.58 -0.89
130.74 1.05 1.11
141.41 1.31 0.11
152.15 0.49 -0.89
174.05 0.69 -0.89
178.46 0.58 -0.89
183.73 1.2 -0.89
257.56 0.98 1.11
275.3 1.66 0.11
295.03 0.68 0.11
300.93 1.05 0.11
329.35 0.66 0.11
334.5 1 0.11
360.69 0.77 0.11
372.26 1.26 -0.89
396.22 0.79 1.11
406.82 0.52 0.11
429.33 1.06 1.11
439.37 0.54 0.11
462.72 1.05 1.11
472.18 0.6 0.11
493.72 0.6 0.11
509.91 0.69 -0.89
515.2 0.94 -0.89
531.3 0.77 1.11
541.55 1.03 0.11
552 0.75 -0.89
569.45 0.56 0.11
574.24 0.64 0.11
604.8 0.43 0.11
609 1.61 0.11
