55.57 0.59 0
66.84 0.49 -1
88.71 0.45 1
98.29 0.49 0
119.56 0.51 1
129.03 0.56 0
138.97 0.39 -1
161.89 0.56 0
166.92 0.81 0
172.12 0.53 0
194.52 0.51 0
199.11 0.54 0
204.07 0.51 0
209.22 0.41 0
233.89 0.53 0
238.28 0.69 0
242.4 0.5 0
264.09 1.33 0
279.74 0.58 -1
285.28 0.54 -1
335.01 0.48 -1
340.52 0.36 -1
351.5 0.48 -1
368.32 0.74 1
372.42 0.52 1
383.06 0.49 0
409.33 0.46 1
419.98 0.41 0
447.39 0.45 0
457 0.55 0
480.26 0.59 1
491.05 0.4 0
513.63 0.83 1
524.34 0.48 0
534.61 0.46 -1
551.6 0.43 1
561.22 0.41 0
582.75 0.45 0
587.83 0.36 0
