6.82 0.75 1.26
18.3 0.45 0.26
78.52 0.67 0.26
83.9 0.61 0.26
94.74 0.51 -0.74
113.41 2.44 1.26
123.13 0.66 0.26
142.88 1.69 0.26
146.98 0.89 0.26
157.28 0.39 -0.74
173.38 0.38 0.26
178.82 0.94 0.26
206.81 1.74 1.26
217.12 0.33 0.26
244.97 0.43 -0.74
256.56 0.41 -0.74
261.81 0.51 -0.74
278.15 0.32 0.26
294.42 0.51 -0.74
312.09 0.62 0.26
317.72 0.81 0.26
326.91 0.49 -0.74
342.96 0.52 0.26
347.22 0.32 0.26
361.73 0.67 -0.74
377.3 0.5 0.26
382.68 0.63 0.26
393.87 0.47 -0.74
398.84 0.38 -0.74
416.3 0.34 1.26
426.78 0.45 0.26
436.97 1.09 -0.74
456.17 0.36 1.26
466.19 0.46 0.26
475.56 0.42 -0.74
491.69 0.37 0.26
505.12 0.36 -0.74
522.84 0.68 0.26
531.52 0.51 0.26
540.69 0.4 -0.74
558.1 0.43 0.26
562.87 0.51 0.26
567.02 0.4 0.26
600.45 0.33 -0.74
610.53 0.36 -0.74
616.27 0.38 -0.74
