7.85 0.7 1.17
12.19 2.22 1.17
22.41 0.88 0.17
45.46 0.68 1.17
55.49 0.74 0.17
64.21 0.97 -0.83
81.68 0.85 1.17
92.71 0.7 0.17
120.46 0.97 0.17
131.37 0.85 -0.83
149.85 0.63 0.17
155.02 0.77 0.17
165.8 1.07 -0.83
189.02 0.84 0.17
194.47 0.61 0.17
199.77 0.98 0.17
225.95 0.64 0.17
231.02 0.76 0.17
241.95 0.68 -0.83
258.13 0.55 1.17
266.72 0.52 0.17
277.17 0.48 -0.83
295.25 0.6 -0.83
305.06 0.47 -0.83
309.78 0.56 -0.83
327.37 0.67 1.17
332.96 0.8 1.17
343.06 0.62 0.17
364.64 0.76 0.17
375.67 0.67 -0.83
397.05 0.89 0.17
406.07 0.53 -0.83
412 0.5 -0.83
417.69 0.4 -0.83
433.93 0.5 1.17
443.46 1.09 0.17
464.43 0.53 1.17
473.96 0.52 0.17
495.69 0.46 -0.83
501.69 0.43 -0.83
510.85 2.41 -0.83
563.15 0.6 0.17
568.32 0.61 0.17
595.12 0.62 0.17
605.3 0.87 -0.83
615.55 0.58 -0.83
