12.3 0.78 0.08
22.96 0.46 -0.92
45.62 2.58 1.08
56.06 0.97 0.08
79.79 0.73 0.08
85.42 0.8 0.08
101.83 1.12 -0.92
121.24 2.48 1.08
133.09 0.97 0.08
157.68 1.02 1.08
167.99 1.68 0.08
188.3 2.46 1.08
199.47 1.11 0.08
230.45 0.75 -0.92
241.26 0.6 -0.92
247 0.67 -0.92
252.13 0.74 -0.92
269.32 0.7 1.08
283.52 0.57 0.08
306.7 0.6 0.08
312.75 0.54 0.08
340.49 0.87 1.08
351.99 0.54 0.08
373.92 2 0.08
390.52 1.17 -0.92
396.43 0.61 -0.92
412.22 0.76 0.08
422.11 0.59 0.08
445.35 0.88 1.08
456.94 0.46 0.08
465.87 0.46 -0.92
488.47 0.47 0.08
498.1 0.65 -0.92
513.51 0.73 1.08
522.98 0.62 0.08
544.29 0.73 0.08
550.15 0.52 0.08
555.36 1.19 0.08
566.31 0.44 -0.92
