6.79 0.85 0.15
11 0.43 0.15
25.74 0.35 -0.85
43.22 0.68 1.15
55.17 0.61 0.15
78.35 0.71 0.15
83.74 0.39 0.15
97.74 0.43 -0.85
115.21 0.43 1.15
125.45 0.87 0.15
135.26 0.47 -0.85
152.65 0.91 0.15
158.42 0.61 0.15
168.58 0.48 -0.85
186.97 1.19 0.15
195.81 0.91 -0.85
219.96 1.81 0.15
230.15 1.21 0.15
286.18 0.72 0.15
296.24 0.83 -0.85
318.55 0.64 0.15
333.1 0.65 -0.85
349.64 1.1 1.15
360.32 0.9 0.15
368.98 1.57 -0.85
385.06 0.49 1.15
395.26 0.39 0.15
405.5 0.41 -0.85
421.39 0.45 0.15
431.1 0.42 0.15
452.28 0.73 1.15
461.4 0.98 0.15
485.82 0.51 0.15
490.23 1.27 0.15
500.54 0.76 -0.85
523.44 0.55 0.15
534.11 0.85 -0.85
556.03 0.68 0.15
560.12 0.98 0.15
565.5 0.52 0.15
