7.03 0.77 1.07
17.34 0.59 0.07
28.5 0.37 -0.92
49.35 0.9 0.07
58.57 0.66 0.07
79.95 0.8 1.07
89.52 0.75 0.07
99.87 1.8 -0.92
117.12 0.56 0.07
133.51 0.55 -0.92
150.47 0.66 0.07
155.85 0.75 0.07
182.65 0.79 0.07
193.2 0.52 -0.92
198.21 0.97 -0.92
214.27 0.71 1.07
224.84 0.96 0.07
251.78 0.45 0.07
257.53 0.62 0.07
262.09 1.61 0.07
282.8 1.14 0.07
292.4 0.57 -0.92
302.4 0.69 -0.92
318.73 0.45 0.07
323.07 0.44 0.07
337.11 0.57 -0.92
352.83 0.59 1.07
363.36 2.25 0.07
385 0.52 1.07
390.83 0.65 1.07
400.55 0.52 0.07
464.29 0.5 0.07
474.85 0.59 0.07
503.94 0.68 0.07
514.04 0.93 0.07
542.37 1.06 0.07
558.81 0.44 -0.92
576.9 1.87 1.07
586.15 0.74 0.07
597.43 0.46 -0.92
