5.31 0.55 -0.93
9.77 0.44 -0.93
14.28 0.45 -0.93
23.08 0.4 -0.93
41.27 0.43 1.07
52.28 0.65 0.07
61.16 0.59 -0.93
79.6 0.39 1.07
84.35 0.43 1.07
93.09 0.36 0.07
115.51 0.38 1.07
126.67 0.47 0.07
138.08 1.37 -0.93
157 0.4 1.07
162.88 0.46 1.07
172.1 0.49 0.07
196.68 0.4 0.07
200.8 0.81 0.07
227.06 0.5 1.07
232.06 0.42 1.07
242 1.05 0.07
262.66 0.58 1.07
267.15 0.49 1.07
276.23 0.48 0.07
298.78 0.44 1.07
303.96 0.44 1.07
313.13 0.4 0.07
334.94 0.41 -0.93
344.24 0.42 -0.93
349.23 0.37 -0.93
365.94 0.48 0.07
370.7 0.44 0.07
381.16 0.93 -0.93
403.83 0.36 1.07
408.21 0.41 1.07
417.92 0.45 0.07
479.19 0.58 -0.93
488.97 0.41 -0.93
505.91 0.37 -0.93
511.37 0.4 -0.93
520.39 0.36 -0.93
543.87 0.48 1.07
553.85 0.37 0.07
575.32 0.5 -0.93
580.2 0.49 -0.93
584.58 0.41 -0.93
