7.49 0.53 -0.13
17.47 0.56 -0.13
29.44 0.62 -1.13
86.37 2.36 0.87
101.93 1.25 -0.13
123.95 0.41 0.87
132.56 0.85 -0.13
194.02 0.57 0.87
210 0.8 -0.13
231.77 0.66 -0.13
240.15 0.8 -1.13
306.04 0.97 0.87
315.77 0.5 -0.13
337.63 0.4 -0.13
348.13 0.61 -1.13
419.12 1.3 -0.13
424.28 0.58 -0.13
451.33 1.22 -0.13
456.49 0.93 -0.13
471.25 0.59 -1.13
488.66 0.6 0.87
493.18 0.6 0.87
503.09 0.45 -0.13
527.02 0.61 0.87
537.31 0.42 -0.13
559.21 1.55 -0.13
569.12 0.85 -0.13
580.23 1.8 -1.13
596.53 2.24 0.87
600.6 0.74 0.87
609.62 0.49 -0.13
