5.2 0.75 1.22
16.69 0.8 0.22
37.82 0.36 -0.78
43.04 0.68 -0.78
47.22 0.58 -0.78
69.23 0.54 1.22
79.23 0.6 0.22
89.62 0.77 -0.78
106.56 0.43 -0.78
110.67 0.67 -0.78
115.22 0.47 -0.78
124.33 0.8 -0.78
141.63 0.38 0.22
152.33 0.61 -0.78
161.07 0.32 -0.78
179.41 0.32 0.22
184.89 0.4 0.22
200.97 0.65 -0.78
217.35 0.61 0.22
229.03 0.63 -0.78
234.67 0.61 -0.78
239.67 0.43 -0.78
256.8 0.56 0.22
261.54 0.48 0.22
287.52 0.37 0.22
297.75 0.38 -0.78
322.13 0.62 1.22
328.12 0.63 1.22
337.54 0.7 0.22
357.79 0.73 1.22
369.55 0.6 0.22
391 0.57 1.22
401.72 1.03 0.22
426.01 0.6 0.22
430.21 0.87 0.22
445.54 0.53 -0.78
469 0.75 0.22
479.69 0.65 -0.78
502.31 1.01 0.22
512.12 0.82 0.22
534.36 0.41 1.22
546.17 0.31 0.22
556.14 0.79 -0.78
572.68 0.9 1.22
588.23 0.7 0.22
