6.53 0.52 -0.02
12.23 0.45 -0.02
27.9 0.45 -1.02
81.8 0.74 0.98
87.01 0.51 0.98
96.71 0.42 -0.02
153.95 1.02 0.98
163.09 0.48 -0.02
191.76 0.47 0.98
196.44 0.59 0.98
206.23 0.5 -0.02
226.02 0.46 -0.02
235.12 0.53 -0.02
245.68 0.5 -1.02
262.56 0.45 0.98
266.89 0.52 0.98
277 0.48 -0.02
298.89 0.4 -0.02
309.17 0.44 -0.02
331.84 0.53 0.98
340.76 0.45 -0.02
360.51 0.53 -0.02
365.8 0.6 -0.02
381.15 0.43 -1.02
401.68 0.42 -1.02
411.58 0.48 -1.02
428.68 0.68 -0.02
433.78 0.43 -0.02
443.45 0.41 -0.02
466.06 0.5 0.98
476.49 0.57 -0.02
498.3 0.41 -0.02
502.62 0.49 -0.02
512.64 0.56 -1.02
533.03 0.5 -1.02
543.42 0.5 -1.02
561.57 0.44 0.98
567.35 0.48 0.98
578.39 0.44 -0.02
598.75 0.48 -0.02
614.25 0.45 -1.02
620.1 0.5 -1.02
