6.76 0.66 0.16
12.06 0.48 0.16
41.49 0.37 0.16
47.1 0.53 0.16
52.34 0.57 0.16
80.8 0.62 1.16
91.37 0.62 0.16
113.85 0.68 -0.84
123.63 0.64 -0.84
128.79 0.99 -0.84
146.33 0.85 -0.84
150.38 0.55 -0.84
155.03 0.7 -0.84
164.06 0.7 -0.84
180.08 1.5 1.16
189.04 0.51 0.16
249.78 0.93 0.16
266.07 0.7 -0.84
288.04 0.49 0.16
293.11 0.66 0.16
297.89 0.52 0.16
318.67 0.93 1.16
328.42 0.53 0.16
349.68 0.66 0.16
355.56 0.61 0.16
360.14 0.51 0.16
387.33 1.15 1.16
397.83 0.77 0.16
409.28 0.96 -0.84
428.3 0.49 1.16
437.92 0.57 0.16
459.12 0.53 -0.84
465.05 0.53 -0.84
475.59 0.68 -0.84
492.11 1.12 0.16
508.77 1.38 -0.84
531.22 1.47 0.16
541.67 0.59 0.16
563.12 0.69 1.16
567.85 0.59 1.16
578.05 0.49 0.16
603.63 0.84 0.16
613.24 1.44 -0.84
