5.67 0.57 0.87
16.03 0.39 -0.13
38.64 1.51 0.87
43.14 0.8 0.87
54.24 0.47 -0.13
77.09 0.85 0.87
86.86 0.37 -0.13
109.62 0.95 -0.13
113.98 0.48 -0.13
129.08 0.45 -1.13
145.12 0.68 0.87
155.86 0.47 -0.13
182.9 0.42 -0.13
245.88 0.74 0.87
251.42 0.38 0.87
260.45 0.34 -0.13
282.93 0.79 0.87
292.24 0.38 -0.13
318.34 0.64 -0.13
327.71 0.45 -0.13
440.86 0.54 -0.13
450.83 0.37 -1.13
456.12 0.4 -1.13
474.04 0.53 0.87
482.85 0.79 -0.13
571.8 0.54 0.87
581.26 0.74 -0.13
607.58 0.39 -1.13
613.27 0.36 -1.13
618.73 0.35 -1.13
