6.59 3.14 1.03
12.34 0.74 1.03
22.61 1.08 0.03
32.28 0.8 -0.97
51.91 0.71 0.03
62.53 0.53 -0.97
66.74 3.11 -0.97
87.44 0.57 1.03
93.12 1.66 1.03
103.68 0.51 0.03
177.82 0.62 0.03
187.62 0.7 0.03
209.61 0.75 1.03
220.59 0.73 0.03
242.05 1.47 0.03
253.73 0.72 -0.97
259.39 0.67 -0.97
278.09 0.55 0.03
292.97 0.62 -0.97
310.34 0.71 0.03
325.54 0.59 -0.97
344.49 0.83 0.03
350.44 0.75 0.03
366.44 0.6 -0.97
383.94 1.52 1.03
388.11 1.06 1.03
397.71 0.59 0.03
419.41 1.08 0.03
430.64 0.75 -0.97
508.43 2.34 0.03
512.82 1.32 0.03
518.14 0.76 0.03
538.46 1.17 1.03
547.65 0.85 0.03
570.29 3.09 0.03
581.3 0.75 0.03
604.31 1.07 0.03
614.96 0.63 0.03
