6.4 0.56 0.94
16.72 0.4 -0.06
84.65 0.41 -0.06
93.87 0.36 -1.06
161.09 0.36 -0.06
166.53 0.6 -0.06
177.62 0.51 -1.06
194.31 0.53 0.94
206.13 0.43 -0.06
234.62 0.68 0.94
245.19 0.61 -0.06
267.31 1.03 -0.06
281.97 0.46 -1.06
298.51 0.37 0.94
309.77 0.81 -0.06
319.46 0.33 -1.06
371.12 0.47 0.94
380.91 0.41 -0.06
404.17 0.78 0.94
414.17 0.45 -0.06
435.71 0.95 0.94
444.63 0.7 -0.06
466.7 0.45 -0.06
476.95 0.43 -0.06
488.09 0.43 -1.06
505.7 0.48 0.94
511.19 0.36 0.94
521.31 0.41 -0.06
543.98 0.35 -0.06
548.55 0.39 -0.06
563.65 0.42 -1.06
580.35 0.35 -0.06
589.87 0.49 -1.06
