5.53 0.87 1
16.17 1.48 0
41.35 0.68 0
51.35 1.03 0
73.55 0.87 0
89.9 0.42 -1
105.12 0.88 1
120.13 0.83 0
142.42 0.7 0
151.89 0.91 0
174.18 1.02 0
179.33 0.79 0
192.9 0.81 -1
208.52 1.08 0
224.13 1.1 -1
243.55 0.7 1
254.46 0.86 0
282.33 1.68 0
308.99 0.74 1
317.67 0.91 0
382.16 0.8 0
388.07 0.88 0
398.57 1.27 -1
421.34 2.03 1
430.44 1.07 0
440.17 0.93 -1
457.88 1.15 1
468.05 1.25 0
490.01 1.01 0
494.77 0.99 0
505.6 1.11 -1
521.48 0.89 1
532.35 1.47 0
554.02 0.89 1
565.08 1.33 0
585.58 1.07 0
599.51 2.3 -1
604.3 0.84 -1
