5.6 0.66 0.22
10.53 1.66 0.22
37.69 0.36 0.22
43.19 0.34 0.22
47.59 1.36 0.22
71.9 0.69 0.22
77.55 0.37 0.22
107.95 0.91 0.22
119.45 0.46 0.22
141.07 0.79 1.22
150.86 2.63 0.22
173.11 0.6 1.22
184.68 0.71 0.22
205.9 0.39 0.22
211.94 0.48 0.22
217.6 0.5 0.22
247.29 0.55 0.22
262.26 0.51 -0.78
284.68 0.72 0.22
293.51 0.95 -0.78
310.45 1.65 1.22
320.45 0.41 0.22
342.35 0.54 0.22
348.08 0.85 0.22
353.29 1.53 0.22
362.13 0.6 -0.78
380.76 0.43 0.22
394.67 0.38 -0.78
417.82 0.44 -0.78
427.01 0.41 -0.78
442.92 0.38 1.22
453.25 0.39 0.22
461.86 0.29 -0.78
480.55 0.51 -0.78
485.93 0.89 -0.78
491.39 0.93 -0.78
500.42 1.08 -0.78
516.98 0.43 0.22
528.47 0.42 -0.78
533.01 0.48 -0.78
550.28 0.53 1.22
558.75 0.44 0.22
568.92 0.54 -0.78
588.19 0.47 0.22
598.92 0.61 -0.78
