5.43 0.59 0.28
15.41 0.6 -0.72
38.39 0.45 0.28
44.4 0.91 0.28
60.42 0.53 -0.72
138.59 0.46 1.28
148.35 0.48 0.28
158.26 0.67 -0.72
175.89 0.53 1.28
186.87 0.45 0.28
197.46 0.5 -0.72
215.03 0.46 1.28
225.4 0.47 0.28
247.99 0.42 -0.72
253.26 0.49 -0.72
257.91 1.25 -0.72
279.3 0.59 -0.72
290.73 0.43 -0.72
295.27 0.52 -0.72
299.89 0.47 -0.72
320.7 0.78 0.28
331.68 0.67 0.28
351.98 0.44 1.28
361.03 0.52 0.28
370.98 0.55 -0.72
388.42 0.48 -0.72
398.59 0.46 -0.72
403.3 0.47 -0.72
407.59 0.47 -0.72
425.58 0.4 1.28
435.19 0.49 0.28
462.97 0.41 0.28
468.93 0.45 0.28
484.41 0.58 -0.72
501.22 0.59 0.28
517.24 0.73 -0.72
534.76 0.44 0.28
540.64 0.62 0.28
569.49 0.48 1.28
579.49 0.9 0.28
600.69 0.57 1.28
610.51 1.59 0.28
619.98 0.62 -0.72
