6.26 0.52 0
11.34 0.87 0
20.5 0.42 -1
25.66 0.36 -1
42.95 1.07 0
53.63 0.66 0
64.96 0.44 -1
82.93 0.89 1
94.03 1.34 0
115.96 1.09 1
125.59 0.38 0
152.54 0.76 1
162.12 1.06 0
183.74 0.65 1
188.53 0.57 1
199.27 0.5 0
221.55 0.92 1
232.08 0.46 0
251.34 0.69 -1
256.38 0.64 -1
262.21 0.74 -1
287.98 0.59 0
303.97 0.39 -1
319.63 0.65 1
330 0.43 0
354.01 0.55 1
363.96 0.48 0
390.34 0.96 0
401.94 0.36 0
423.06 0.42 0
431.55 0.35 -1
441.06 0.55 -1
459.74 0.57 0
469.86 0.57 -1
533.39 0.45 1
537.48 0.43 1
547.49 0.39 0
569.14 0.82 1
579.44 0.45 0
590.17 0.36 -1
