54.54 0.69 1.11
65.62 0.66 0.11
74.96 0.59 -0.89
91.79 0.6 0.11
96.13 0.46 0.11
111.03 0.58 -0.89
177.28 0.8 1.11
183.1 0.87 1.11
193.13 0.86 0.11
219.44 2.13 -0.89
229.6 0.79 -0.89
234.96 0.63 -0.89
251.81 0.62 1.11
261.58 0.47 0.11
283.94 0.5 1.11
293.65 1.52 0.11
317.01 2.06 0.11
332.88 1.03 -0.89
342.97 1.22 -0.89
359.12 0.83 1.11
370.96 0.74 0.11
381.31 0.95 -0.89
398.71 1.82 0.11
404.32 1.33 0.11
414.84 0.72 -0.89
432.34 0.65 1.11
443.34 0.68 0.11
452.31 0.49 -0.89
469.45 0.76 0.11
478.31 0.47 -0.89
482.49 0.52 -0.89
543.5 0.67 1.11
554.61 0.74 0.11
579.25 0.55 0.11
589.56 0.68 0.11
