7.52 0.51 1.05
12.64 0.72 1.05
21.81 0.58 0.05
42.84 0.41 0.05
54.15 0.5 -0.95
83.13 1.62 0.05
91.93 0.31 0.05
113.73 0.42 0.05
119.64 0.54 0.05
130.14 0.49 -0.95
148.16 1.37 0.05
152.76 0.71 0.05
179.17 0.45 0.05
189.93 0.45 -0.95
211.94 0.43 0.05
221.06 0.39 -0.95
244.2 0.43 1.05
258.47 0.31 0.05
279.23 0.43 1.05
289.14 0.44 0.05
312.72 0.41 0.05
327.45 0.3 -0.95
345.71 0.89 1.05
354.42 0.51 0.05
376.28 1.8 1.05
382.23 0.76 1.05
392.23 0.45 0.05
414.48 0.39 0.05
425.59 0.26 -0.95
447.49 0.41 1.05
457.66 0.37 0.05
468.58 0.32 -0.95
489.98 3.04 0.05
495.08 0.74 0.05
505.33 0.45 0.05
529.16 0.4 0.05
534.97 0.69 0.05
550.1 0.69 -0.95
567.97 0.46 -0.95
572.84 0.34 -0.95
578.13 0.33 -0.95
600.48 1.14 1.05
611.35 0.62 0.05
