5.17 2.97 0.09
15.97 0.64 -0.91
20.93 1.05 -0.91
26.7 0.59 -0.91
43.84 0.72 1.09
48.59 1.05 1.09
58.43 0.8 0.09
79.13 0.6 1.09
90.42 1.61 0.09
112.19 0.89 1.09
123.43 1.92 0.09
134.34 0.99 -0.91
151.95 0.52 1.09
160.94 1.37 0.09
171.89 0.56 -0.91
189.09 0.76 0.09
193.46 0.8 0.09
204.37 1.06 -0.91
220.46 0.91 1.09
230.5 0.63 0.09
239.94 0.83 -0.91
259.37 0.38 0.09
274 0.87 -0.91
292.38 0.45 0.09
307.09 0.58 -0.91
330.16 1.35 0.09
340.91 0.48 0.09
364.36 3.04 0.09
370.14 1.03 0.09
385.2 0.49 -0.91
401.64 1.27 1.09
412.69 0.89 0.09
421.51 0.71 -0.91
485.43 0.5 0.09
494.94 0.61 0.09
517.17 0.64 1.09
521.51 0.43 1.09
533.01 0.71 0.09
557.14 0.41 1.09
565.53 0.37 0.09
576.55 0.73 -0.91
594.81 0.33 0.09
604.64 0.6 -0.91
609.23 0.82 -0.91
