7.86 0.66 0.98
19.45 0.71 -0.02
43.15 0.56 0.98
47.67 0.86 0.98
56.94 0.65 -0.02
79.71 1.21 -0.02
90.84 0.88 -1.02
102.5 0.53 -1.02
120.18 0.7 0.98
131.93 0.54 -0.02
143.05 0.66 -1.02
160.33 0.65 -0.02
164.73 0.82 -0.02
169.6 1.25 -0.02
178.37 0.81 -1.02
195.06 0.48 0.98
204.82 0.8 -0.02
215.18 0.71 -1.02
231.93 0.6 0.98
237.71 0.66 0.98
248.56 0.49 -0.02
272.43 0.75 -0.02
276.5 0.99 -0.02
291.43 0.81 -1.02
306.94 1.5 0.98
316.52 1.25 -0.02
339.57 0.51 0.98
344.25 0.73 0.98
354.11 0.74 -0.02
376.75 0.46 -0.02
382.13 0.49 -0.02
386.2 0.58 -0.02
413.66 0.73 0.98
423.83 0.75 -0.02
433.23 0.49 -1.02
449.92 0.49 -0.02
466.57 0.68 -1.02
490.9 0.84 -0.02
502.7 0.69 -1.02
524.26 0.63 0.98
533.99 0.69 -0.02
545.75 0.46 -1.02
562.65 0.6 -0.02
567.11 0.5 -0.02
571.93 0.81 -0.02
598.21 0.73 -0.02
612.22 0.56 -1.02
