71.58 0.93 -0.92
80.84 0.83 -0.92
85.45 0.62 -0.92
91.25 0.67 -0.92
107.69 0.88 0.08
117.14 0.65 -0.92
126.35 0.94 -0.92
143.2 0.9 1.08
152.66 1.31 0.08
162.21 0.64 -0.92
179.04 1.42 1.08
183.97 1.16 1.08
193.92 0.85 0.08
216.27 0.89 1.08
224.86 1.4 0.08
246.37 0.75 1.08
256.27 1.26 0.08
282.63 1.06 0.08
291.27 0.92 0.08
313.87 0.75 1.08
325.02 0.71 0.08
390.09 0.99 1.08
394.85 1.46 1.08
403.66 0.82 0.08
428.44 0.63 1.08
439.71 0.8 0.08
449.08 0.68 -0.92
467.19 0.56 0.08
478.61 0.72 -0.92
489 0.65 -0.92
508.69 0.65 0.08
513.7 0.56 0.08
519.36 1.23 0.08
540.53 1.55 1.08
551.29 0.67 0.08
573.78 0.7 0.08
583.72 1.44 -0.92
588.89 3.03 -0.92
598.54 1.17 -0.92
