96.94 0.54 1.06
107.51 1.8 0.06
117.01 0.69 -0.94
135.14 0.78 1.06
144.94 1.12 0.06
173.84 0.75 0.06
183.9 0.71 0.06
194.46 0.66 -0.94
210.71 0.62 0.06
214.88 0.45 0.06
224.58 1.1 -0.94
248.59 1.12 1.06
258.65 0.65 0.06
268.74 2.16 -0.94
320.73 0.34 0.06
325.16 0.59 0.06
351.44 0.57 0.06
356.36 0.88 0.06
385.79 0.43 0.06
391.53 0.39 0.06
396.26 1.49 0.06
419.65 1.45 0.06
424.65 0.42 0.06
454.33 0.78 0.06
460.24 0.46 0.06
492.62 0.52 0.06
519.25 0.44 0.06
529.83 0.51 0.06
551.27 0.69 1.06
562.07 1.02 0.06
571.4 0.82 -0.94
595.14 0.45 0.06
611.37 0.5 -0.94
