5.6 0.72 1.02
16.58 0.54 0.02
26.4 1.08 -0.98
44.99 0.73 1.02
55.4 3.11 0.02
60.07 0.57 0.02
70.66 0.71 -0.98
89.71 0.67 1.02
100.4 0.81 0.02
110.69 0.85 -0.98
129.36 0.68 0.02
134.46 0.81 0.02
143.87 0.63 -0.98
167.1 0.43 1.02
171.37 0.53 1.02
181.24 0.53 0.02
205.56 0.8 1.02
216.29 0.74 0.02
227.19 0.74 -0.98
244.24 0.88 1.02
249.14 0.62 1.02
259.42 0.48 0.02
282.87 0.79 1.02
292.37 0.53 0.02
302.9 0.54 -0.98
320.79 0.62 0.02
324.97 0.51 0.02
353.67 0.64 0.02
358.4 1.09 0.02
368.06 0.47 0.02
389.92 1.22 0.02
395.98 0.72 0.02
405.83 0.67 -0.98
423.73 1.34 1.02
428.86 0.77 1.02
439.8 0.79 0.02
493.82 0.58 -0.98
503.27 0.53 -0.98
509.12 0.6 -0.98
526.47 0.66 1.02
537.31 0.9 0.02
547.09 0.5 -0.98
562.55 0.87 1.02
572.33 0.7 0.02
582.37 0.64 -0.98
597.99 0.9 0.02
607.59 0.62 -0.98
616.73 0.58 -0.98
