6.68 1.96 0.88
16.77 0.76 -0.12
28.32 0.81 -1.12
44.48 0.41 -0.12
54.82 0.35 -1.12
60.26 0.62 -1.12
75.93 0.65 0.88
85.52 0.79 -0.12
107.78 1.52 -0.12
118.01 0.6 -0.12
145.15 0.92 0.88
160.44 3.04 -0.12
166.35 0.44 -0.12
187.43 0.45 0.88
199.13 0.65 -0.12
219.48 0.89 -0.12
224.73 0.45 -0.12
249.29 0.66 0.88
260.46 0.7 -0.12
281.18 1.14 0.88
291.94 0.61 -0.12
316.32 0.52 -1.12
321.94 0.96 -1.12
331.02 0.76 -1.12
347.87 1.24 -0.12
362.59 1.46 -1.12
380.28 0.61 0.88
386.08 0.94 0.88
395.19 0.37 -0.12
417.66 1.46 0.88
423.51 0.93 0.88
431.98 0.82 -0.12
454.69 1.08 0.88
463.97 1.17 -0.12
485.73 2.12 0.88
494.84 0.67 -0.12
504.61 0.69 -1.12
521.7 1.18 -0.12
525.77 1.04 -0.12
552.14 0.62 0.88
563.41 0.59 -0.12
585.16 0.57 -0.12
590.51 0.51 -0.12
