12.03 0.51 0.17
27.18 0.61 -0.83
45.09 0.72 1.17
55.17 0.75 0.17
65.35 0.54 -0.83
82.84 0.66 1.17
99.03 0.59 0.17
122.65 0.35 0.17
127.22 0.64 0.17
138.7 0.7 -0.83
162.17 0.68 1.17
172.77 0.52 0.17
193.01 0.56 1.17
204.02 0.6 0.17
227.51 0.48 0.17
242.22 0.5 -0.83
260.82 0.5 -0.83
265.11 0.5 -0.83
275.48 0.5 -0.83
291.22 0.57 0.17
307.09 0.98 -0.83
325.32 0.46 0.17
334.5 0.51 0.17
358.58 0.55 0.17
369.53 0.48 -0.83
373.82 0.69 -0.83
392.9 0.54 1.17
401.72 0.56 0.17
425.12 0.48 1.17
434.65 0.58 0.17
458.44 0.61 0.17
462.68 0.61 0.17
468.66 0.55 0.17
490.14 0.53 0.17
505.56 0.61 -0.83
511.45 0.83 -0.83
565.08 0.54 0.17
575.19 0.83 -0.83
585.89 0.47 -0.83
602.99 0.58 1.17
614.44 0.52 0.17
