5.26 2.13 0.22
15.21 1.37 0.22
36.98 0.6 1.22
47.23 0.6 0.22
69.12 0.65 0.22
79.07 1.08 -0.78
89.8 0.9 -0.78
105.8 0.82 1.22
116.36 1.18 0.22
139.01 0.65 0.22
143.99 1.58 0.22
153.98 0.95 -0.78
171.51 2.1 0.22
186.93 0.65 -0.78
203.96 0.77 0.22
208.33 0.75 0.22
213.77 0.73 0.22
242.98 0.79 0.22
247.97 1.04 0.22
277.06 0.91 1.22
287.06 0.88 0.22
312.41 0.68 0.22
317.77 0.96 0.22
322.41 2.06 0.22
345.26 0.75 0.22
354.89 1.2 -0.78
363.38 0.81 -0.78
381.2 0.7 0.22
396.81 2.52 -0.78
402.77 1.35 -0.78
419.36 0.8 0.22
435.08 1.07 -0.78
451.2 0.79 1.22
461.94 0.92 0.22
473.51 0.73 -0.78
491.93 0.72 0.22
497.04 0.71 0.22
510.97 0.81 -0.78
529.22 0.84 0.22
534.55 0.86 0.22
539.76 0.6 0.22
563.72 0.91 0.22
574.93 0.98 -0.78
580.31 0.58 -0.78
598.51 1.08 0.22
614.63 1.04 -0.78
