89.84 0.46 0.32
104.77 0.65 -0.68
122.49 0.77 1.32
133.58 0.71 0.32
154.12 0.51 0.32
159.1 0.75 0.32
169.68 0.58 -0.68
186.01 0.48 0.32
200.75 0.52 -0.68
215.88 0.75 1.32
226.63 0.47 0.32
237.75 0.37 -0.68
258.77 1.12 0.32
269.26 0.6 0.32
290.07 0.75 0.32
296.08 0.7 0.32
321.31 1.06 0.32
335.94 0.96 -0.68
340.46 2.95 -0.68
355.13 1 0.32
359.43 0.83 0.32
373.91 0.49 -0.68
390.41 0.51 0.32
399.9 0.84 -0.68
426.34 0.64 0.32
438.16 0.38 -0.68
458.1 0.67 0.32
468.61 0.5 -0.68
491.92 0.73 0.32
501.72 0.54 0.32
523.45 0.69 0.32
529.44 0.55 0.32
542.79 0.49 -0.68
565.61 0.9 0.32
575.77 0.42 0.32
603.89 0.37 -0.68
614.27 0.63 -0.68
618.67 0.56 -0.68
