5.66 0.75 0.93
10.59 0.8 0.93
20.57 0.87 -0.07
40.12 1.8 -0.07
50.84 0.74 -1.07
60.28 0.59 -1.07
76.9 0.67 -0.07
82.11 0.71 -0.07
92.11 0.74 -0.07
113.1 0.6 -0.07
129.61 0.74 -1.07
145.56 1.49 0.93
155.84 0.55 -0.07
179.71 0.68 0.93
189.46 0.79 -0.07
212.66 0.64 0.93
222.84 0.73 -0.07
232.89 0.83 -1.07
250.23 0.55 -0.07
255.06 1.21 -0.07
282.42 1.47 -0.07
287.66 0.8 -0.07
297.43 0.49 -1.07
320.51 0.72 -0.07
336.62 0.68 -1.07
354.38 0.57 0.93
365.16 0.54 -0.07
388.29 1.69 0.93
392.73 1.85 0.93
401.59 0.84 -0.07
424.6 2.63 0.93
434.93 0.64 -0.07
460.49 1.31 -0.07
469.91 0.52 -0.07
491.09 1.66 -0.07
501.49 0.79 -0.07
512 0.9 -1.07
530.57 0.52 -0.07
535.29 0.65 -0.07
550.77 0.82 -1.07
566.54 1.13 0.93
577.29 0.61 -0.07
598.71 1.44 0.93
609.11 0.81 -0.07
