11.16 0.78 0.07
16.21 0.65 0.07
20.46 0.99 0.07
79.98 0.89 1.07
89.78 0.64 0.07
99.65 0.71 -0.93
116.41 1.07 1.07
126.86 0.73 0.07
147.17 0.74 0.07
151.36 0.84 0.07
160.96 0.63 -0.93
176.5 0.79 0.07
189.93 1.02 -0.93
207.74 0.71 0.07
212.29 0.84 0.07
217.79 0.77 0.07
227.61 0.55 -0.93
245.3 0.88 1.07
255.66 0.81 0.07
265.22 0.79 -0.93
282.23 0.78 0.07
287.89 0.79 0.07
314.78 0.71 1.07
325.67 0.9 0.07
334.34 0.66 -0.93
350.97 0.78 0.07
359.91 0.57 0.07
382.08 0.64 0.07
386.65 0.75 0.07
401.61 0.93 -0.93
457.33 0.84 0.07
472.69 0.75 -0.93
489.4 0.81 1.07
499.18 0.54 0.07
520.07 0.71 0.07
534 0.78 -0.93
551.14 0.83 0.07
557.02 0.74 0.07
566.88 0.95 -0.93
589.45 0.79 1.07
594.01 1.28 1.07
603.82 0.8 0.07
