5.75 0.72 0.16
16.09 0.56 0.16
41.39 0.55 -0.84
50.89 0.54 -0.84
68.43 1.17 -0.84
73.51 0.65 -0.84
79.46 0.49 -0.84
89.83 0.46 -0.84
105.57 0.67 1.16
115.21 0.95 0.16
124.73 0.64 -0.84
140.05 0.62 0.16
149.53 0.67 -0.84
159.55 0.43 -0.84
176.43 2.14 0.16
181.18 1.03 0.16
189.65 0.52 -0.84
194.32 0.62 -0.84
212.63 0.76 1.16
218.51 0.77 1.16
228.61 0.55 0.16
252.9 0.51 0.16
262.61 0.47 -0.84
284.98 1.24 1.16
294.63 0.61 0.16
304.55 0.67 -0.84
320.97 0.64 0.16
325.09 1.26 0.16
340.04 0.61 -0.84
358.18 1.24 1.16
367.73 1.56 0.16
389.36 3.04 1.16
393.53 0.72 1.16
401.84 3.04 0.16
406.98 1.04 0.16
417.65 0.54 -0.84
510.78 0.81 0.16
516.59 0.63 0.16
531.91 0.47 -0.84
549.92 0.7 1.16
554.85 0.62 1.16
565.94 0.46 0.16
587.15 1.36 1.16
596.86 0.53 0.16
607.39 0.51 -0.84
