6.08 0.86 -1.02
10.95 0.89 -1.02
15.02 0.82 -1.02
35.42 0.73 0.98
45.39 0.88 -0.02
55.75 0.82 -1.02
78.59 0.75 -1.02
88.66 1.09 -1.02
106.34 0.75 -0.02
111.58 1.25 -0.02
127.12 1.08 -1.02
143.82 1.05 0.98
157.38 0.57 -0.02
181.18 0.96 0.98
189.78 1.74 -0.02
200.43 1.72 -1.02
216.83 0.68 -0.02
221.16 1 -0.02
250.25 0.78 0.98
261.28 1.27 -0.02
272.19 0.91 -1.02
296.46 0.95 -1.02
300.87 0.83 -1.02
306.69 0.85 -1.02
326.58 1.14 0.98
330.79 1.04 0.98
340.96 0.51 -0.02
362.19 1.02 0.98
370.73 2.04 -0.02
429.13 0.75 0.98
440.47 1 -0.02
463.65 3.04 0.98
468.6 1.15 0.98
473.21 1.35 0.98
483.63 0.67 -0.02
506.1 2.52 -0.02
514.57 1.22 -0.02
535.86 0.69 0.98
546.23 1.03 -0.02
566.26 0.63 0.98
577.45 1.02 -0.02
587.2 0.65 -1.02
603.45 0.89 0.98
614.23 0.97 -0.02
