5.53 1 -0.16
11.14 0.71 -0.16
27.5 0.45 -1.16
43.42 0.61 0.84
48.86 0.84 0.84
59.65 0.73 -0.16
82.43 0.51 0.84
95.77 0.55 -0.16
119.23 0.63 0.84
127.71 0.66 -0.16
149.77 1.48 0.84
160.43 0.51 -0.16
186.91 0.7 -0.16
195.87 0.65 -1.16
212.51 0.78 0.84
218.16 0.79 0.84
229.56 0.66 -0.16
253.91 0.48 0.84
265.28 0.5 -0.16
289.56 0.81 0.84
300.01 0.71 -0.16
309.19 0.56 -1.16
332 0.9 -0.16
340.21 0.61 -0.16
367.97 0.73 -0.16
373.29 0.67 -0.16
377.35 0.72 -0.16
399.42 1.17 -0.16
409.44 0.83 -1.16
431.76 0.61 0.84
442.37 0.58 -0.16
464.2 1.07 0.84
473.7 1.16 -0.16
497.27 0.97 -0.16
506.35 0.96 -1.16
510.6 0.93 -1.16
529.17 0.45 0.84
538.85 0.53 -0.16
560.79 0.84 0.84
571.98 0.86 -0.16
582.85 1.05 -1.16
598.56 1.19 0.84
607.7 0.83 -0.16
