7.04 0.72 0.2
18.7 0.41 -0.8
23.21 0.82 -0.8
27.36 0.81 -0.8
44.91 0.48 0.2
54.22 0.81 0.2
75.19 1.09 1.2
80.09 0.91 1.2
90.58 0.59 0.2
115.32 0.88 0.2
130.81 0.54 -0.8
146.83 0.84 0.2
152.57 2.02 0.2
180.36 0.64 1.2
185.07 0.6 1.2
194.15 0.85 0.2
213.92 0.96 0.2
218.76 0.75 0.2
233.42 0.81 -0.8
248.88 1.25 0.2
253.39 0.9 0.2
280.55 0.47 0.2
290.09 0.54 0.2
299.39 0.76 -0.8
361.74 0.47 1.2
372.32 0.64 0.2
383.8 0.7 -0.8
402.64 0.57 1.2
411.14 0.93 0.2
432.26 0.72 0.2
437.36 0.77 0.2
447.71 0.58 -0.8
464.51 0.51 -0.8
469.2 0.87 -0.8
473.51 0.93 -0.8
495.69 0.47 0.2
500.59 0.5 0.2
514.73 0.69 -0.8
532.27 0.43 -0.8
537.84 0.78 -0.8
543.39 0.81 -0.8
564.62 0.86 1.2
575.57 1.2 0.2
602.57 1.86 0.2
611.82 1.7 -0.8
