6.97 1.04 0.86
18.45 0.74 -0.14
144.89 1.19 -0.14
156.47 0.79 -0.14
166 0.69 -1.14
182.06 1.79 0.86
193.39 0.63 -0.14
204.12 0.73 -1.14
222.99 2.99 -0.14
227.98 3.1 -0.14
232.61 1.56 -0.14
246.8 0.97 -1.14
262.94 0.73 0.86
272.41 0.62 -0.14
284.47 0.8 -1.14
301.28 1.42 -0.14
310.13 0.53 -0.14
333.53 0.73 0.86
339.64 0.9 0.86
350.8 0.64 -0.14
374.31 0.68 0.86
385.68 0.56 -0.14
396.25 0.71 -1.14
413.93 0.79 0.86
424.49 0.97 -0.14
444.28 1.59 0.86
454.09 0.54 -0.14
475.09 1.89 0.86
485.47 0.84 -0.14
513.62 1.67 -0.14
522.83 0.53 -0.14
542.87 0.57 0.86
553.14 0.65 -0.14
563.06 1.46 -1.14
580.47 1.74 0.86
589.9 1.11 -0.14
