37.6 0.51 1.05
47.5 0.67 0.05
58.56 0.64 -0.95
75.85 0.61 1.05
84.33 0.51 0.05
113 0.4 0.05
117.39 0.74 0.05
134.41 0.6 -0.95
151.24 0.44 0.05
161.85 0.6 -0.95
217.4 0.62 0.05
232.18 1.08 -0.95
249.16 1.4 0.05
262.87 0.91 -0.95
268.62 1.17 -0.95
285.14 0.73 1.05
295.18 1.06 0.05
317.08 0.75 1.05
322.4 0.74 1.05
332.24 0.49 0.05
396.17 0.61 0.05
400.38 0.66 0.05
405.53 0.65 0.05
427.58 0.61 1.05
436.43 0.69 0.05
459.56 0.59 0.05
464.54 1.19 0.05
468.67 1.24 0.05
488.41 0.72 1.05
494.38 0.63 1.05
505.39 0.45 0.05
534.05 0.8 -0.95
544.06 0.73 -0.95
562.52 0.69 0.05
579.19 0.35 -0.95
585.2 0.59 -0.95
602.44 0.49 1.05
612.02 1.05 0.05
621.8 0.65 -0.95
