6.35 0.62 0.45
16.5 1.3 -0.55
22.18 0.75 -0.55
43.33 0.81 -0.55
53.95 0.98 -0.55
58.85 0.9 -0.55
75.89 1.31 -0.55
81.81 0.86 -0.55
86.45 0.92 -0.55
161.23 2.37 0.45
170.79 0.41 -0.55
175.92 0.7 -0.55
197.23 0.45 1.45
205.96 0.53 0.45
276.08 2 0.45
287.28 0.76 0.45
307.05 0.56 0.45
322.05 1.11 -0.55
337.93 1.81 0.45
347.68 0.5 -0.55
352.86 0.56 -0.55
371.19 0.46 0.45
382.08 0.53 -0.55
408.59 1.12 0.45
417.61 0.51 0.45
439.26 0.52 1.45
450.35 2.58 0.45
460.16 2.63 -0.55
543.56 0.46 0.45
553.06 0.65 0.45
575.92 0.76 0.45
591.46 0.45 -0.55
596.47 0.63 -0.55
