6.28 0.48 -0.07
17.14 0.46 -0.07
39.24 0.43 0.93
43.6 0.53 0.93
53.14 0.86 -0.07
75.93 0.5 -0.07
80.55 0.9 -0.07
90.67 0.7 -1.07
109.06 0.47 0.93
120.09 0.48 -0.07
143.34 1.39 0.93
155.1 0.89 -0.07
164.55 0.54 -1.07
181.96 0.5 0.93
190.49 0.69 -0.07
202.07 0.88 -1.07
218.46 0.45 0.93
229.44 0.88 -0.07
238.72 0.52 -1.07
257.02 0.37 0.93
267.12 0.81 -0.07
299.86 0.63 -0.07
310.43 0.43 -0.07
330.87 0.63 -0.07
340.9 0.91 -1.07
349.17 0.49 -1.07
367.32 0.45 -0.07
372.32 0.68 -0.07
381.78 0.43 -1.07
399.66 0.49 0.93
410.35 1.16 -0.07
433.18 0.62 0.93
443.28 0.46 -0.07
455.24 1.11 -1.07
472.9 0.53 0.93
484.79 0.52 -0.07
504.44 0.75 0.93
515.09 0.7 -0.07
525.89 0.55 -1.07
542.16 0.48 0.93
553.28 0.42 -0.07
563.19 0.48 -1.07
579.74 0.4 0.93
589.19 0.38 -0.07
