5.59 0.78 1.2
16.64 0.78 0.2
39 0.53 0.2
54.01 0.45 -0.8
70.86 0.82 0.2
84.93 0.49 -0.8
163.18 0.82 0.2
173.43 1.12 -0.8
185.01 0.95 -0.8
206.3 0.92 0.2
216.62 0.73 0.2
238.35 2.46 1.2
248.02 0.74 0.2
258.75 0.52 -0.8
275.51 0.57 0.2
291.56 0.6 -0.8
308.64 0.66 1.2
317.44 0.9 0.2
339.99 0.93 1.2
350.49 0.52 0.2
359.85 0.44 -0.8
377.75 0.47 0.2
387.53 0.47 0.2
396.8 0.38 -0.8
415.33 0.51 0.2
425.39 0.51 -0.8
446.9 0.56 0.2
457.6 0.37 0.2
467.71 0.68 -0.8
528.15 0.71 1.2
533.5 0.88 1.2
544.91 0.52 0.2
575.21 0.44 -0.8
580.1 0.82 -0.8
585.95 1.14 -0.8
