5.4 0.52 1.02
14.49 0.59 0.02
36.71 0.61 1.02
42.34 0.45 1.02
53.44 0.36 0.02
80.67 0.37 1.02
91.35 0.6 0.02
113.22 0.63 0.02
118.59 0.39 0.02
123.03 1.34 0.02
184.17 0.28 0.02
188.62 0.27 0.02
221.67 0.31 1.02
232.64 0.31 0.02
253.34 0.45 0.02
264.2 0.29 0.02
274.2 2.71 -0.98
291.68 0.72 1.02
302.73 0.32 0.02
323.27 1.46 1.02
333.98 1.25 0.02
356.81 0.33 1.02
368.65 0.41 0.02
378.34 0.46 -0.98
395.66 0.29 -0.98
405.05 0.39 -0.98
409.17 0.52 -0.98
425.33 0.44 0.02
434.25 0.32 -0.98
445.09 0.45 -0.98
462.69 0.55 1.02
472.92 0.41 0.02
497.29 0.33 1.02
507.58 0.7 0.02
518.46 0.33 -0.98
536.91 0.32 1.02
546.43 0.34 0.02
555.43 0.39 -0.98
573.54 0.29 0.02
582.85 0.43 0.02
609.55 0.32 -0.98
618.13 0.75 -0.98
624.07 0.79 -0.98
