7.45 0.42 0.92
12.08 0.64 0.92
21.91 0.58 -0.08
44.37 0.68 0.92
55.34 0.53 -0.08
77.46 0.58 0.92
87.29 0.54 -0.08
109.97 0.54 0.92
121.28 0.46 -0.08
131.26 0.48 -1.08
152.93 0.54 -0.08
167.19 0.5 -1.08
216.08 0.37 0.92
220.84 0.45 0.92
231.37 0.54 -0.08
254.02 0.47 -0.08
259.17 0.54 -0.08
273.78 0.62 -1.08
289.13 0.46 0.92
299.1 0.57 -0.08
359.83 0.37 -0.08
369.58 0.44 -1.08
379.55 0.55 -1.08
395.85 0.49 -0.08
400.13 0.49 -0.08
416.21 0.59 -1.08
433.06 0.48 0.92
443.68 0.51 -0.08
464.94 0.46 0.92
474.41 0.51 -0.08
496 0.51 -1.08
500.74 0.62 -1.08
512.32 0.69 -1.08
528.01 0.54 0.92
536.83 0.47 -0.08
559.29 0.61 0.92
567.51 0.65 -0.08
