7.72 0.77 1.18
13.76 0.66 1.18
22.67 0.61 0.18
45.38 0.39 1.18
55 0.77 0.18
78.42 0.49 -0.82
88.37 0.59 -0.82
92.49 0.76 -0.82
147.68 0.51 0.18
156.13 0.63 -0.82
166.41 0.55 -0.82
189.11 0.47 0.18
215.67 0.34 0.18
224.47 0.38 -0.82
234.61 0.42 -0.82
253.03 0.35 0.18
263.02 0.62 0.18
273.05 0.73 -0.82
291.21 0.56 1.18
301.8 0.36 0.18
326.88 0.37 0.18
336.79 0.4 -0.82
357.35 0.65 0.18
363.01 0.54 0.18
367.09 0.52 0.18
388.42 0.55 1.18
398.23 0.4 0.18
407.79 0.64 -0.82
424.48 0.44 1.18
435.64 0.37 0.18
444.59 0.85 -0.82
462.8 0.99 1.18
473.47 0.58 0.18
500.76 0.81 0.18
517.1 0.62 -0.82
533.74 0.78 0.18
538.39 0.72 0.18
547.83 0.56 -0.82
564.33 0.37 0.18
568.43 0.37 0.18
573.61 0.84 0.18
579.18 0.45 0.18
598.98 0.55 0.18
613.95 0.41 -0.82
619.77 0.41 -0.82
