5.86 0.48 0.07
15.78 1.07 0.07
24.49 0.6 -0.92
41.3 0.66 1.07
50.79 0.55 0.07
70.05 0.62 1.07
74.73 0.74 1.07
84.43 1.03 0.07
105.77 0.99 0.07
111.81 0.77 0.07
125.82 0.8 -0.92
195.08 0.61 0.07
206.84 0.65 -0.92
229.19 0.59 1.07
239.38 0.46 0.07
268.63 0.89 -0.92
274.06 0.6 -0.92
279.61 0.73 -0.92
300.14 0.46 1.07
310.31 0.7 0.07
335 0.44 0.07
340.77 0.66 0.07
354.31 0.84 -0.92
372.66 0.71 1.07
383.64 0.92 0.07
393.33 0.71 -0.92
411.39 0.39 0.07
417.27 0.33 0.07
444.74 0.49 0.07
454.82 0.56 0.07
465.68 0.89 -0.92
482.49 0.43 0.07
490.96 0.55 0.07
513.74 0.52 1.07
524.17 1.14 0.07
534.2 0.89 -0.92
551.28 0.66 1.07
561.55 0.71 0.07
583.01 0.84 0.07
599.59 0.62 -0.92
