6.76 0.43 0.95
16.28 0.43 -0.05
36.4 0.58 -0.05
47.72 0.63 -0.05
68.31 2.43 -0.05
78.58 0.64 -0.05
100.6 0.34 -0.05
111.15 0.4 -0.05
135.42 0.38 0.95
145.87 0.71 -0.05
166.68 0.4 -0.05
177.49 0.34 -1.05
187.45 0.46 -1.05
204.05 0.34 0.95
209.54 0.33 0.95
219.13 0.4 -0.05
240.53 0.55 0.95
251.95 0.33 -0.05
260.67 0.38 -1.05
277.03 0.42 0.95
292.2 0.37 -0.05
315.33 1.29 -0.05
324.92 0.4 -0.05
350.71 0.69 -0.05
361.67 0.35 -1.05
379.83 0.38 -0.05
384.65 0.38 -0.05
414.46 0.78 -0.05
423.32 0.42 -1.05
427.93 0.37 -1.05
447.46 0.4 -0.05
453.3 0.4 -0.05
459.21 0.45 -0.05
469.19 0.45 -1.05
490.95 0.57 -0.05
501.57 0.37 -0.05
524.08 1.14 0.95
533.86 0.43 -0.05
554.12 1.54 0.95
569.68 0.41 -0.05
592.86 0.42 0.95
603.34 0.38 -0.05
