5.82 0.66 0.93
15.82 0.89 -0.07
43.35 0.9 -0.07
48.11 0.62 -0.07
53.99 0.65 -0.07
75.22 0.67 0.93
84.07 0.69 -0.07
105.27 0.48 -0.07
110.1 0.37 -0.07
121.01 0.46 -1.07
143.25 0.8 0.93
151.77 0.39 -0.07
172.49 0.64 0.93
182.66 0.44 -0.07
203.83 1.41 0.93
213.7 0.66 -0.07
224.54 1.02 -1.07
241.2 1.37 -0.07
249.64 0.59 -1.07
255.65 1.18 -1.07
330.04 2.38 0.93
340.57 0.59 -0.07
363.77 0.65 -0.07
368.17 0.64 -0.07
499.32 0.64 -0.07
504.51 0.54 -0.07
529.43 1.47 -0.07
540.75 0.87 -1.07
562.53 2.7 0.93
571.58 0.82 -0.07
