5.54 1.04 1.02
16.68 0.8 0.02
26.16 1.28 -0.98
42.39 0.66 1.02
51.82 0.7 0.02
73.82 0.5 1.02
85.19 0.5 0.02
95.53 0.53 -0.98
111.65 0.65 1.02
117.28 0.93 1.02
126.93 0.56 0.02
149.13 0.49 0.02
164.07 0.37 -0.98
179.89 0.73 0.02
190.45 0.66 -0.98
201.53 0.8 -0.98
217.86 0.75 1.02
228 0.64 0.02
237.59 0.53 -0.98
254.21 0.6 1.02
265.52 1.61 0.02
276.36 0.56 -0.98
294.02 0.62 1.02
304.23 0.42 0.02
327.37 0.53 1.02
338.47 0.45 0.02
347.18 0.41 -0.98
363.48 0.62 0.02
369.16 0.47 0.02
382.85 0.52 -0.98
401.54 0.55 1.02
412.18 0.57 0.02
432.69 0.49 1.02
442.75 0.56 0.02
453.49 0.71 -0.98
469.94 0.6 1.02
481.64 0.56 0.02
505.88 0.43 0.02
515.35 0.48 -0.98
526.24 0.48 -0.98
544.77 0.62 1.02
553.77 0.58 0.02
575.13 0.63 0.02
586.14 0.74 -0.98
595.17 0.49 -0.98
