43.72 0.6 0.82
47.79 0.84 0.82
57.65 1.92 -0.18
79.37 0.88 -0.18
91.02 0.8 -1.18
114.67 0.6 -0.18
132.09 0.65 -1.18
148.63 0.39 -0.18
159.72 0.56 -1.18
186.02 2.08 -0.18
195.42 1.36 -0.18
218.24 0.74 0.82
222.66 1.57 0.82
233.92 1.4 -0.18
256.09 1.57 0.82
267.35 0.93 -0.18
288.19 0.59 0.82
298.8 0.8 -0.18
323.24 0.7 0.82
332.74 0.94 -0.18
356.36 0.75 0.82
366.33 0.93 -0.18
376.4 1.28 -1.18
394.37 0.97 0.82
400.46 1.23 0.82
409.18 0.76 -0.18
431.11 1.17 0.82
436.13 1.68 0.82
447.54 0.85 -0.18
470.97 0.84 -0.18
475.91 0.66 -0.18
490.26 0.82 -1.18
511.74 0.52 -0.18
526.62 0.95 -1.18
543.33 1.09 0.82
553.55 1.29 -0.18
563.16 0.66 -1.18
578.8 0.68 0.82
589.21 0.59 -0.18
