6.73 0.56 1.02
10.9 1.44 1.02
20.24 0.68 0.02
41.72 0.85 0.02
52.48 0.83 -0.98
56.91 0.56 -0.98
73.9 0.66 0.02
79.41 1 0.02
95.12 1.73 -0.98
112.55 0.48 1.02
121.87 0.65 0.02
132.41 1 -0.98
149.32 0.47 1.02
154.19 0.79 1.02
166.11 0.6 0.02
191.21 0.77 -0.98
201.55 0.43 -0.98
217.13 0.64 1.02
223.17 0.96 1.02
232.29 0.79 0.02
255.85 0.49 0.02
259.97 0.83 0.02
288.28 0.46 1.02
298.42 1.06 0.02
307.87 0.78 -0.98
332.41 0.85 0.02
344.36 0.65 0.02
367.57 0.57 -0.98
371.81 1.09 -0.98
382.48 0.46 -0.98
399.14 1.15 0.02
403.53 0.48 0.02
409.11 0.43 0.02
436.13 0.57 1.02
445.85 0.66 0.02
468.59 0.69 1.02
477.4 0.14 0.02
499.79 0.47 0.02
505.84 0.71 0.02
516.88 0.86 -0.98
537.09 0.05 -0.98
547.37 0.68 -0.98
563.51 0.43 1.02
569.25 0.93 1.02
579.69 0.69 0.02
604.04 0.45 0.02
614.55 0.11 0.02
