5.88 0.77 1.09
16.22 1.09 0.09
26.88 0.96 -0.91
44.37 1.24 1.09
54.42 1.38 0.09
64.63 0.97 -0.91
80.86 0.71 0.09
96.04 0.52 -0.91
114.29 0.9 1.09
124.43 0.54 0.09
134.28 0.8 -0.91
149.3 0.82 0.09
154.97 0.72 0.09
159.39 0.83 0.09
163.57 1.62 0.09
186.34 0.87 1.09
195.34 0.87 0.09
205.35 0.6 -0.91
222.13 0.91 1.09
232.47 1.03 0.09
242.68 0.81 -0.91
260.44 0.86 1.09
272.12 0.49 0.09
294.72 0.64 0.09
304.1 0.92 -0.91
328.85 2.66 0.09
338.67 0.76 0.09
363.38 0.51 -0.91
369.12 0.78 -0.91
379.53 0.95 -0.91
397.12 0.63 0.09
412.13 0.57 -0.91
429.15 1.46 1.09
437.59 1.44 0.09
446.97 0.55 -0.91
462.83 1.14 1.09
472.7 1.61 0.09
493.56 1.72 1.09
499.03 0.85 1.09
509.99 0.89 0.09
533.97 0.85 0.09
550.01 0.78 -0.91
555.91 1.11 -0.91
572.72 0.58 1.09
581.55 0.87 0.09
592.74 0.74 -0.91
