5.61 1.05 0.13
17.28 0.41 -0.87
26.24 0.63 -0.87
45 0.72 1.13
55.83 0.53 0.13
89.96 0.59 0.13
99.7 0.43 0.13
121.97 0.53 -0.87
126.76 0.48 -0.87
137.06 0.49 -0.87
159.35 0.49 -0.87
170.21 0.37 -0.87
186.4 1.09 1.13
195.77 0.89 0.13
206.63 0.76 -0.87
224.43 0.64 0.13
228.75 1.05 0.13
233.07 0.39 0.13
237.66 1.02 0.13
260.01 0.62 1.13
269.48 0.4 0.13
292.68 0.98 0.13
306.14 0.53 -0.87
323.1 0.8 1.13
333.22 0.52 0.13
357.12 0.45 0.13
362.58 0.39 0.13
367.03 0.74 0.13
398.91 0.44 1.13
409.58 0.61 0.13
434.03 0.55 1.13
444.37 0.39 0.13
454.51 1.34 -0.87
472.22 0.62 1.13
483.29 1 0.13
511.4 0.57 0.13
521.23 1.14 -0.87
537.16 0.52 0.13
554.1 0.62 -0.87
570.95 0.61 -0.87
581.83 0.43 -0.87
586.87 0.55 -0.87
604.67 0.82 1.13
608.98 0.58 1.13
617.79 0.48 0.13
