6.19 0.72 0.23
11.54 1.16 0.23
23.29 0.73 -0.77
40.76 0.96 1.23
49.17 0.8 0.23
57.51 0.48 -0.77
79.52 0.71 1.23
90.48 0.83 0.23
112.38 0.81 0.23
117.99 0.81 0.23
142.91 0.86 -0.77
147.65 0.74 -0.77
158.86 0.84 -0.77
176.01 1.35 -0.77
182.04 0.43 -0.77
191.7 0.49 -0.77
208.77 0.84 1.23
218 1.44 0.23
241.25 1.23 0.23
245.47 0.7 0.23
250 0.76 0.23
259.72 0.91 -0.77
275.19 1.49 0.23
279.5 3.05 0.23
284.8 1.51 0.23
308.87 0.65 1.23
317.84 0.98 0.23
379.86 0.59 0.23
390.55 0.81 -0.77
412.61 0.55 0.23
428.24 0.5 -0.77
452.29 0.79 0.23
466.1 0.66 -0.77
483.7 0.55 1.23
494.07 0.44 0.23
504.88 0.7 -0.77
522.6 0.96 1.23
532.34 0.57 0.23
543.9 0.95 -0.77
566.8 0.75 0.23
577.53 0.48 -0.77
594.34 0.52 0.23
600.01 0.94 0.23
615.47 1.4 -0.77
