5.31 1.44 0.13
14.37 0.55 -0.87
24.54 0.55 -0.87
41.95 0.67 0.13
57.74 0.8 -0.87
74.23 1.36 0.13
85.44 0.65 -0.87
108.03 0.73 0.13
112.71 0.67 0.13
141.87 0.59 1.13
151.96 0.69 0.13
177.58 2.05 1.13
188.03 0.65 0.13
197.65 0.5 -0.87
217.23 0.64 0.13
221.41 0.51 0.13
232.11 0.52 0.13
298.15 1.64 -0.87
303.73 0.74 -0.87
314.37 0.54 -0.87
338.41 0.64 0.13
349.38 1.75 0.13
369.64 1.96 0.13
384.99 0.87 -0.87
400.89 0.63 1.13
410.4 0.56 0.13
432.63 1.51 0.13
442.98 0.43 0.13
454.54 0.54 -0.87
470.99 1.58 1.13
476.31 0.79 1.13
487.03 0.61 0.13
509.01 1.25 1.13
520.48 0.68 0.13
530.66 0.77 -0.87
547.2 1.21 0.13
556.48 0.56 -0.87
578.62 0.65 1.13
589.63 0.5 0.13
