5.95 0.7 1.07
15.37 0.42 0.07
44.73 0.55 1.07
53.5 0.95 0.07
63.33 0.59 -0.93
81.54 0.78 1.07
91.51 0.92 0.07
102.04 0.69 -0.93
119.5 0.52 0.07
123.72 0.62 0.07
134.22 0.59 -0.93
151.69 0.54 1.07
160.98 0.92 0.07
170.69 0.68 -0.93
186.62 0.62 0.07
191.66 0.59 0.07
224.01 2.3 0.07
233.89 0.96 0.07
255.18 0.65 -0.93
260.89 0.61 -0.93
266.92 0.72 -0.93
276.67 0.84 -0.93
292.07 0.51 0.07
296.13 0.71 0.07
310.7 0.67 -0.93
327.5 0.59 1.07
336.5 0.61 0.07
402.11 0.57 -0.93
406.93 0.89 -0.93
417.52 0.86 -0.93
433.99 0.63 0.07
443.1 1.24 0.07
466.66 0.75 1.07
477.37 0.58 0.07
497.46 0.52 1.07
502.96 0.62 1.07
512.46 0.63 0.07
534.79 0.64 1.07
543.54 0.8 0.07
565.27 1.66 1.07
579.38 1.97 0.07
600.5 0.53 0.07
610.29 0.82 -0.93
