7.92 0.67 0.03
13.99 0.69 0.03
23.13 0.77 -0.97
46.01 0.91 0.03
62.17 0.65 -0.97
79.31 0.79 1.03
87.85 0.81 0.03
96.24 1.34 -0.97
114.33 0.69 1.03
125.19 0.73 0.03
146.41 0.58 0.03
150.6 0.88 0.03
161.74 0.72 -0.97
336.57 1.02 1.03
346 0.46 0.03
357.21 0.6 -0.97
374.88 0.82 0.03
384.17 0.76 0.03
408.24 1.04 1.03
417.99 0.64 0.03
439.98 0.63 1.03
450.24 0.61 0.03
476.48 0.45 0.03
508.66 1.13 0.03
519.27 0.74 -0.97
541.62 0.54 0.03
545.91 0.7 0.03
555.49 1.05 0.03
578.56 1.52 1.03
587.89 0.51 0.03
598.54 0.58 -0.97
