5.31 1.34 1.28
15.34 0.56 0.28
36.73 0.81 0.28
46.91 0.56 -0.72
66.63 0.65 1.28
77.27 0.7 0.28
105.61 1.39 0.28
111.35 0.83 0.28
122.21 0.54 0.28
144.14 0.63 0.28
150.09 0.59 0.28
183.95 0.78 0.28
200.53 0.94 -0.72
217.35 0.61 0.28
232.37 1.22 -0.72
249.22 0.63 0.28
255.15 0.74 0.28
264.75 0.5 -0.72
282.4 0.52 0.28
292.18 0.53 -0.72
301.9 0.49 -0.72
319.29 0.73 1.28
324.83 0.79 1.28
335.31 0.49 0.28
358.29 0.71 -0.72
363.62 0.75 -0.72
369.32 0.58 -0.72
378.29 0.48 -0.72
393.85 1.49 0.28
405.57 3.04 0.28
411.18 0.52 0.28
420.2 0.54 -0.72
435.96 1.37 0.28
440.4 0.58 0.28
449.84 0.51 -0.72
468.53 0.62 0.28
482.52 0.67 -0.72
488.24 1.18 -0.72
506.29 0.7 0.28
512.33 0.53 0.28
522.08 0.69 -0.72
543.43 0.83 0.28
549.46 0.69 0.28
563.93 0.66 -0.72
582.7 1.58 0.28
592.12 0.82 0.28
603.69 0.91 -0.72
