98.95 0.78 1.03
108.55 1.04 0.03
130.63 1.24 1.03
141.16 0.86 0.03
169.57 0.5 0.03
175 0.95 0.03
184.84 0.59 0.03
206.36 0.86 0.03
210.49 0.59 0.03
240.91 0.94 1.03
249.99 0.98 0.03
272.39 1.38 -0.97
281.4 0.81 -0.97
285.96 0.79 -0.97
291.06 0.7 -0.97
313.54 1.02 0.03
325.18 1.36 0.03
346.42 0.64 1.03
355.64 0.49 0.03
378.76 0.85 0.03
388.62 1.18 -0.97
394.1 2.52 -0.97
409.82 0.64 1.03
414.58 0.8 1.03
423.32 0.72 0.03
448.95 1.23 0.03
457.99 0.68 -0.97
480.35 0.79 0.03
484.7 0.79 0.03
498.8 1.1 -0.97
514.9 1.63 1.03
524.07 0.95 0.03
533.84 0.56 -0.97
550.53 1.12 0.03
561.72 1.08 -0.97
583.37 0.92 1.03
588.02 1.15 1.03
597.33 0.67 0.03
