6.25 0.7 1.07
16.16 0.74 0.07
40.43 0.57 1.07
51.48 0.55 0.07
79.59 0.48 0.07
94.66 0.47 -0.93
117.81 0.57 -0.93
122.86 0.43 -0.93
127.95 0.79 -0.93
150.36 1.14 0.07
160.5 0.51 -0.93
171.94 0.62 -0.93
190.95 0.67 1.07
195.46 0.7 1.07
206.13 0.81 0.07
232.53 0.4 0.07
261.9 0.53 0.07
271.87 0.59 -0.93
283.24 0.66 -0.93
299.56 1.57 0.07
313.65 0.8 -0.93
331.91 0.75 1.07
341.67 0.7 0.07
352.88 0.48 -0.93
370.72 0.91 1.07
375.99 1 1.07
386.59 0.78 0.07
407.9 0.64 0.07
413.23 0.48 0.07
445.65 0.53 0.07
460.92 0.77 -0.93
477.38 0.58 0.07
489.12 0.51 0.07
500.61 0.7 -0.93
517.19 3.11 0.07
522.66 0.54 0.07
528.73 0.59 0.07
533.13 0.66 0.07
597.34 0.74 1.07
603.42 0.93 1.07
615.05 0.43 0.07
