12.08 1.47 -0.81
20.64 0.67 -0.81
38.55 0.72 0.19
47.79 0.93 0.19
75.01 0.58 0.19
85.43 0.45 0.19
112.15 0.93 0.19
123.83 0.72 -0.81
127.95 0.64 -0.81
144.91 1 0.19
154.6 0.91 -0.81
164.5 0.61 -0.81
179.54 0.67 0.19
184.5 0.99 0.19
195.92 0.66 -0.81
201.65 0.55 -0.81
218.4 0.73 1.19
227.04 1.06 0.19
238.6 1.23 -0.81
255.43 0.73 1.19
259.74 0.99 1.19
270.58 1.01 0.19
291.2 0.78 0.19
295.98 1.11 0.19
309.69 0.74 -0.81
327.75 0.94 1.19
339.7 1.25 0.19
363.21 2.09 0.19
368.92 1.17 0.19
378.58 0.59 -0.81
384.57 0.68 -0.81
401.31 1.29 1.19
405.58 0.83 1.19
416.11 0.86 0.19
443.99 0.92 -0.81
454.33 0.61 -0.81
460.12 0.76 -0.81
477.26 1.94 1.19
490.89 1.13 0.19
514.64 0.85 0.19
525.28 0.62 0.19
536.94 0.64 -0.81
553.04 0.82 1.19
562.5 1.03 0.19
587.99 0.75 0.19
592.51 0.56 0.19
607.67 0.89 -0.81
