5.38 1.21 1.21
15.32 0.58 0.21
38.78 1.91 0.21
47.8 0.92 -0.79
52.93 0.83 -0.79
69.67 0.6 0.21
73.85 0.9 0.21
90.38 0.65 -0.79
106.48 0.72 0.21
117.71 0.58 0.21
128.91 2.43 -0.79
147.66 1.26 1.21
156.68 0.75 0.21
185.51 0.74 0.21
200.72 1.29 -0.79
217.27 0.71 0.21
221.43 2.52 0.21
235.18 0.96 -0.79
258.51 2.09 0.21
268.59 0.72 0.21
290.01 1.69 0.21
294.27 1.8 0.21
320.85 1.49 1.21
331.88 1.81 0.21
342.52 1.5 -0.79
360.74 1.41 0.21
365.92 1.06 0.21
391.94 0.64 1.21
401.75 0.96 0.21
426.58 0.88 0.21
441.64 1.4 -0.79
447.41 1.23 -0.79
464.07 1.51 1.21
475.21 0.84 0.21
498.01 0.67 0.21
503.81 1.01 0.21
520.8 1.32 -0.79
537.51 1.85 0.21
547.23 1.48 -0.79
552.89 0.91 -0.79
557.9 1.39 -0.79
580.38 2.21 0.21
596.07 1.33 -0.79
