7.67 0.83 0.29
17.35 2.08 -0.71
27.26 1.24 -0.71
82.86 1.24 1.29
92.98 1.31 0.29
103.52 0.64 -0.71
165.47 0.55 0.29
169.98 0.81 0.29
183.77 0.98 -0.71
200.8 0.65 1.29
210.77 0.93 0.29
233.95 0.61 0.29
239.78 0.68 0.29
244.32 1.98 0.29
254.17 1.17 -0.71
271.62 0.52 0.29
276.97 0.69 0.29
309.29 0.58 -0.71
318.72 0.93 -0.71
375.46 0.67 0.29
380.94 0.79 0.29
386.81 0.87 0.29
409.5 0.67 0.29
425.73 0.97 -0.71
500.54 1.12 0.29
509.49 1.48 0.29
531 0.63 0.29
536.98 0.56 0.29
550.74 0.78 -0.71
572.89 0.78 0.29
584.23 0.84 0.29
605.76 1.6 -0.71
610.54 1.25 -0.71
621.74 0.54 -0.71
