7.49 0.81 0.09
13.5 0.95 0.09
40.14 0.85 0.09
44.83 1.97 0.09
61.96 1.52 -0.91
79.15 1.62 1.09
89.48 1.72 0.09
98.56 0.84 -0.91
115.35 1.3 0.09
132.13 0.72 -0.91
149.19 0.91 1.09
158.76 0.76 0.09
167.94 0.63 -0.91
185.42 0.9 0.09
201.35 0.83 -0.91
220.28 0.69 -0.91
224.57 0.63 -0.91
229.26 0.43 -0.91
252.31 1.05 1.09
257.07 1.02 1.09
269.01 0.96 0.09
292.42 0.52 1.09
302.81 1.19 0.09
312.07 0.75 -0.91
330.48 0.7 1.09
335.35 0.96 1.09
346.87 0.86 0.09
369.84 0.8 1.09
380.52 0.78 0.09
477.27 0.77 0.09
482.91 1.05 0.09
487.24 1.17 0.09
497.56 1.1 -0.91
515.85 0.75 1.09
525.02 1.14 0.09
534.39 0.99 -0.91
552.3 0.74 0.09
556.92 0.91 0.09
562.93 0.78 0.09
573.29 1.23 -0.91
589.39 0.78 0.09
595.11 0.96 0.09
604.89 1.43 -0.91
