6.48 0.69 0.05
11.35 1.02 0.05
16.19 0.94 0.05
48.12 0.58 0.05
58.1 0.55 -0.95
73.11 1.16 1.05
82.62 1.13 0.05
110.73 0.86 0.05
120.84 0.7 -0.95
136.7 0.89 0.05
146.66 0.96 -0.95
152.16 0.85 -0.95
157.2 0.68 -0.95
225.03 0.85 0.05
235.79 0.71 0.05
257.32 1.34 0.05
261.89 1.66 0.05
272.1 0.75 -0.95
295.74 1.08 1.05
304.88 0.64 0.05
365.4 0.62 0.05
369.83 0.71 0.05
402.45 0.5 0.05
411.17 0.61 -0.95
415.34 0.58 -0.95
432.17 0.9 0.05
442.11 1.2 -0.95
447.33 1.27 -0.95
463.1 0.93 1.05
473.32 0.86 0.05
494.36 0.74 1.05
505.38 0.56 0.05
528.49 0.89 1.05
538.49 0.45 0.05
560.36 0.78 1.05
571.64 0.7 0.05
599.31 0.57 1.05
603.74 0.49 1.05
614.73 0.64 0.05
