6.61 0.46 1.07
16.79 0.53 0.07
26.06 0.38 -0.93
43.84 0.83 1.07
49.27 0.81 1.07
59.14 0.43 0.07
81.09 0.46 0.07
90.84 0.38 -0.93
100.37 0.5 -0.93
117.96 0.56 1.07
128.21 0.42 0.07
148.63 0.57 0.07
162.47 0.46 -0.93
167.66 0.4 -0.93
226.09 0.49 1.07
236.2 0.48 0.07
246.2 0.5 -0.93
264.04 0.5 1.07
269.69 0.75 1.07
279.22 0.46 0.07
299.89 0.43 0.07
311.23 0.41 -0.93
320.26 0.45 -0.93
335.48 0.58 0.07
340.27 0.43 0.07
344.41 1.03 0.07
363.62 0.52 0.07
368.58 0.4 0.07
373.43 0.54 0.07
402.59 0.52 1.07
412.74 0.67 0.07
422.58 0.51 -0.93
439.15 1.18 0.07
449.4 0.43 0.07
468.9 1.9 0.07
473.92 1.18 0.07
500.61 0.41 1.07
511.39 0.69 0.07
520.67 0.59 -0.93
538.93 0.41 1.07
549.26 0.41 0.07
570.3 0.54 -0.93
576.31 0.49 -0.93
581.48 0.67 -0.93
604.1 0.51 0.07
614.34 0.57 0.07
