6.73 0.47 -0.9
16.72 0.41 -0.9
22.02 0.48 -0.9
26.48 1.2 -0.9
44.12 0.61 0.1
48.41 1.37 0.1
107.74 1.23 1.1
117.22 1.08 0.1
136.75 0.59 1.1
147.8 0.65 0.1
157.89 0.5 -0.9
176.3 0.65 0.1
185.69 0.76 -0.9
196.44 1.6 -0.9
212.38 1.04 0.1
227.71 1.42 -0.9
242.97 0.64 0.1
247.07 0.52 0.1
252.07 0.6 0.1
280.21 0.81 0.1
288.69 1.03 -0.9
316.01 1.46 0.1
321.19 0.51 0.1
326.58 0.77 0.1
347.66 0.63 1.1
351.82 1.36 1.1
362.52 0.67 0.1
385.52 0.63 1.1
389.9 0.89 1.1
399.85 0.94 0.1
422.19 0.8 1.1
433.78 0.94 0.1
455.64 0.62 0.1
470.94 1.03 -0.9
525.68 0.68 1.1
536.29 0.73 0.1
545.68 2.19 -0.9
560.62 0.88 1.1
571.57 1.59 0.1
581.07 0.57 -0.9
598.58 0.74 0.1
617.9 0.83 -0.9
