6.35 0.48 0.29
11.95 0.65 0.29
43.02 0.59 0.29
47.71 0.5 0.29
53.19 0.62 0.29
64.34 1.54 -0.71
82.52 1.35 1.29
93.5 0.59 0.29
104.68 0.59 -0.71
121.12 0.49 0.29
126.05 0.61 0.29
141.45 0.74 -0.71
157.98 1.1 0.29
172.83 0.85 -0.71
189.51 1.79 0.29
202.91 0.61 -0.71
208.62 0.99 -0.71
230.54 1.27 0.29
239.82 1.09 -0.71
263.4 0.97 0.29
269.21 0.72 0.29
294.96 0.5 1.29
304.87 1.01 0.29
325.25 0.56 0.29
330.82 0.46 0.29
339.81 0.73 -0.71
357.72 0.67 0.29
368.37 1.14 -0.71
379.76 0.58 -0.71
431.58 0.47 1.29
442.01 1.02 0.29
464.71 0.57 0.29
469.48 0.73 0.29
475.44 0.76 0.29
501.74 0.73 0.29
516.28 0.73 -0.71
534.44 0.54 1.29
544.52 0.65 0.29
555.31 1.09 -0.71
571.3 0.65 0.29
580 0.8 -0.71
585.32 1.19 -0.71
609.02 0.85 -0.71
619.03 0.61 -0.71
623.28 0.59 -0.71
