12.98 1.89 -0.85
18.5 2.58 -0.85
23.97 1.97 -0.85
44.93 2.69 0.15
54.48 2.03 0.15
65.3 1.16 -0.85
84.62 2.16 -0.85
90.18 1.01 -0.85
99.32 1.19 -0.85
115.91 2.09 1.15
126.2 0.88 0.15
136.08 0.83 -0.85
163.52 1.72 0.15
173.41 1.13 -0.85
189.1 2.38 1.15
199.01 1.33 0.15
210.59 0.97 -0.85
228.94 1.95 0.15
233.1 1.23 0.15
242.64 1.8 0.15
265.37 1.43 0.15
270.02 0.94 0.15
290.72 0.94 -0.85
307.3 1.51 1.15
316.58 1.1 0.15
327.07 1.15 -0.85
344.67 0.55 0.15
349.05 1.14 0.15
358.43 0.76 -0.85
376.14 0.8 0.15
381.61 0.89 0.15
387.15 1.21 0.15
408.21 1.45 1.15
418.59 1.43 0.15
429.33 0.92 -0.85
446.02 0.93 1.15
456.64 1.05 0.15
476.29 1.45 1.15
486 1.24 0.15
508.03 0.78 0.15
524.57 0.85 -0.85
548.84 0.89 0.15
554.89 0.72 0.15
559.33 1.1 0.15
582.03 1.64 1.15
587.27 1.07 1.15
597.77 1.09 0.15
