7.22 0.57 1.02
17.51 0.27 0.02
27.28 0.36 -0.98
45.02 0.91 1.02
55.59 0.34 0.02
65.93 0.26 -0.98
84.2 0.31 0.02
93.64 0.45 0.02
104.62 0.65 -0.98
126.87 0.47 0.02
140.81 0.45 -0.98
160.08 0.61 1.02
170.27 0.43 0.02
231.03 0.35 0.02
236.21 1.19 0.02
263.47 0.31 -0.98
273.44 0.39 -0.98
278.62 0.65 -0.98
283.16 0.97 -0.98
300.24 0.46 1.02
312.16 0.33 0.02
335.44 0.08 1.02
340.35 0.33 1.02
350.68 0.37 0.02
372.17 0.51 0.02
377.76 0.13 0.02
386.03 0.4 -0.98
408.9 0.31 1.02
418.94 0.4 0.02
429.24 0.3 -0.98
446.54 0.28 1.02
454.98 0.34 0.02
475.12 1.29 0.02
491.19 0.38 -0.98
509.11 0.29 1.02
519.61 0.54 0.02
543.01 0.47 1.02
553.02 0.38 0.02
573.96 0.36 1.02
583.97 0.35 0.02
593.36 0.97 -0.98
