5.93 0.91 0.78
17.02 0.6 -0.22
26.52 0.77 -1.22
42.87 0.84 -0.22
48.02 0.84 -0.22
77.52 0.82 -0.22
86.8 0.71 -0.22
109.59 0.73 0.78
114.49 0.7 0.78
125.74 1.05 -0.22
147.95 0.78 0.78
156.99 0.91 -0.22
177.59 0.7 0.78
186.99 0.73 -0.22
208.11 0.97 0.78
212.99 0.94 0.78
222.63 0.69 -0.22
285.42 1.52 0.78
291.37 0.79 0.78
302.25 0.72 -0.22
323.9 0.93 -1.22
328.37 0.83 -1.22
334.21 0.78 -1.22
343.45 0.93 -1.22
409.25 0.65 0.78
420.2 0.8 -0.22
443.07 0.77 -0.22
448.71 0.82 -0.22
475.09 0.68 0.78
479.93 0.82 0.78
491.98 0.97 -0.22
514.3 0.86 0.78
526.26 0.68 -0.22
548.79 0.61 -0.22
553.77 0.77 -0.22
564.59 0.57 -0.22
