7.05 0.68 0.09
11.79 0.91 0.09
40.23 0.46 1.09
50.77 0.55 0.09
77.51 1.23 -0.91
88.31 0.77 -0.91
104.14 0.54 1.09
113.89 0.92 0.09
122.98 0.68 -0.91
141.13 0.81 0.09
145.32 0.69 0.09
171.81 0.61 0.09
177.44 0.55 0.09
188.55 1.2 -0.91
192.78 0.75 -0.91
210.4 0.9 1.09
219.78 0.49 0.09
241.74 0.9 0.09
246.33 0.92 0.09
255.41 1.04 -0.91
271.68 0.88 0.09
282.02 0.5 0.09
290.88 0.65 -0.91
307.7 0.62 0.09
323.41 0.84 -0.91
327.71 0.49 -0.91
344.28 0.79 1.09
354.62 1.17 0.09
382.66 0.66 0.09
391.34 1.04 -0.91
397.21 0.98 -0.91
416.57 0.57 1.09
425.57 0.48 0.09
446.8 0.64 1.09
456.75 1.84 0.09
482.93 0.52 0.09
508.28 0.73 0.09
512.52 0.71 0.09
522.24 0.56 0.09
546.51 0.87 1.09
551.54 0.63 1.09
561.82 0.51 0.09
583.52 0.6 0.09
594.33 0.62 -0.91
