65.48 0.78 1.38
76.49 1.06 0.38
99.33 0.46 -0.62
104.4 0.55 -0.62
113.73 0.85 -0.62
130.95 0.62 1.38
135.93 0.65 1.38
146.02 0.69 0.38
165.8 0.42 0.38
171.51 0.62 0.38
181.66 1.17 -0.62
199.82 0.81 -0.62
210.34 0.68 -0.62
216.03 0.74 -0.62
232.25 0.57 0.38
242.89 0.47 -0.62
253.53 0.58 -0.62
281.24 1.04 1.38
290.85 0.48 0.38
312.94 0.4 0.38
317.38 0.56 0.38
323.01 0.5 0.38
356.05 0.43 -0.62
360.36 0.6 -0.62
364.46 0.68 -0.62
386.4 0.41 0.38
391.42 0.42 0.38
397.22 1.37 0.38
408.5 0.49 -0.62
425.13 0.47 0.38
430.68 0.55 0.38
441.76 0.72 0.38
520.27 0.65 -0.62
525.86 0.54 -0.62
530.44 0.68 -0.62
553.56 0.65 0.38
569.1 0.53 -0.62
573.36 0.59 -0.62
591.44 0.56 0.38
606.24 1.44 -0.62
