6.93 1.42 0.21
12.77 0.91 0.21
26.87 0.73 -0.79
93.32 0.71 0.21
104.65 0.79 -0.79
165.94 0.89 1.21
177.15 1.33 0.21
187.09 1.39 -0.79
202.92 0.74 0.21
212.2 1.13 -0.79
232.9 0.74 0.21
244.4 1.21 -0.79
266.86 0.75 0.21
272.08 1.59 0.21
281.29 0.9 -0.79
299.58 2.15 1.21
310.26 1.21 0.21
331.59 0.91 1.21
340.97 1.64 0.21
361.8 0.74 0.21
365.93 0.74 0.21
379.6 1.07 -0.79
398.35 0.93 0.21
404.33 1.46 0.21
433.53 0.79 1.21
444.85 0.82 0.21
467.06 0.87 1.21
478.05 0.83 0.21
499.87 0.66 -0.79
504.37 1.01 -0.79
509.89 1.01 -0.79
530.97 1.05 0.21
535.06 0.88 0.21
548.26 3.02 -0.79
564.26 1.03 1.21
573.73 0.95 0.21
602.78 2.68 -0.79
607.94 1.19 -0.79
613.94 0.81 -0.79
