96.39 0.66 1.1
105.98 0.51 0.1
128.88 1.31 0.1
139.35 0.59 -0.9
159.46 0.55 0.1
176.21 0.68 -0.9
193.08 0.48 0.1
204.39 1.31 0.1
225.95 0.49 0.1
242.23 0.59 -0.9
258.04 0.35 -0.9
262.89 0.52 -0.9
271.98 0.9 -0.9
289.19 0.41 1.1
299.06 0.84 0.1
319.87 0.46 0.1
324.68 0.47 0.1
329.08 0.48 0.1
334.91 0.57 0.1
358.01 0.66 0.1
362.63 0.67 0.1
374.08 0.63 -0.9
390.9 0.78 1.1
396.75 0.48 1.1
407.11 0.68 0.1
430.16 0.46 1.1
440.51 0.66 0.1
463.11 0.41 0.1
467.85 0.51 0.1
491.89 0.6 0.1
506.03 0.69 -0.9
523.18 0.73 0.1
534.4 0.46 -0.9
557.25 0.51 1.1
567.71 0.49 0.1
575.99 0.48 -0.9
594.15 0.82 1.1
604.79 0.99 0.1
615.35 0.46 -0.9
