7.19 0.53 0.29
17.26 0.52 -0.71
38.66 0.55 0.29
43.66 0.52 0.29
70.05 0.38 0.29
79.67 0.49 -0.71
89.33 0.46 -0.71
106.42 0.9 0.29
116.64 0.5 -0.71
144.62 0.71 0.29
155.34 0.62 -0.71
171.58 0.75 1.29
181.17 0.5 0.29
211.06 0.61 -0.71
222.46 0.48 -0.71
228.48 0.4 -0.71
250.71 0.51 0.29
262.47 0.66 -0.71
280.24 0.51 0.29
290.16 0.39 -0.71
299.59 0.62 -0.71
315.47 0.52 1.29
321.04 0.49 1.29
332.13 0.7 0.29
408.13 0.44 1.29
418.28 0.51 0.29
428.39 0.49 -0.71
445.13 0.44 1.29
455.47 0.57 0.29
467.24 0.55 -0.71
484.23 0.35 1.29
495.2 0.45 0.29
506.21 0.43 -0.71
524.04 0.65 0.29
529.89 0.78 0.29
535.52 0.95 0.29
546.81 0.4 -0.71
564.39 0.48 0.29
580.18 0.47 -0.71
597.83 0.61 0.29
606.6 0.65 -0.71
615.88 0.49 -0.71
