6.9 0.83 -0.04
12.79 0.71 -0.04
21.17 0.72 -1.04
44.83 0.69 -0.04
50.43 1.16 -0.04
60.32 0.66 -1.04
76.52 0.62 0.96
80.9 0.47 0.96
89.96 0.84 -0.04
113.27 0.55 -0.04
123.89 0.78 -1.04
133.52 0.77 -1.04
151.21 0.67 0.96
156.62 0.57 0.96
166.79 0.77 -0.04
189.96 0.69 0.96
194.76 0.58 0.96
204.98 0.82 -0.04
226.35 0.6 -0.04
230.49 1.12 -0.04
258.58 0.69 0.96
268.67 0.6 -0.04
292.04 1.12 0.96
303.07 0.71 -0.04
323.97 0.51 0.96
335.14 0.58 -0.04
359.18 0.61 -0.04
365.24 0.81 -0.04
379.59 0.94 -1.04
396.19 1.27 -1.04
400.24 0.57 -1.04
409.91 1.33 -1.04
426.01 0.6 0.96
436.45 0.69 -0.04
457.84 1.59 -0.04
463.47 1 -0.04
472.97 0.47 -1.04
490 1.28 0.96
501.06 0.71 -0.04
524.84 0.86 0.96
530.5 0.92 0.96
539.55 0.81 -0.04
560.43 0.6 -0.04
564.57 0.56 -0.04
568.8 0.62 -0.04
600.06 0.55 -1.04
610.81 0.53 -1.04
