6.73 0.72 0.8
11.22 1.45 0.8
21.93 0.68 -0.2
44.23 0.56 0.8
54.12 0.68 -0.2
64.28 0.72 -1.2
81.42 0.44 0.8
87.08 0.67 0.8
97.71 0.76 -0.2
123.03 0.42 0.8
133.03 0.65 -0.2
156.44 0.78 0.8
165.91 0.54 -0.2
175.52 0.56 -1.2
192.69 0.69 0.8
202.99 0.86 -0.2
212.24 0.52 -1.2
229.96 0.62 0.8
235.05 0.53 0.8
244.33 0.78 -0.2
271.31 0.61 -0.2
282.03 0.77 -1.2
299.36 0.61 -0.2
313.11 0.56 -1.2
335.48 0.75 -1.2
346.36 0.49 -1.2
351.26 0.81 -1.2
404.97 1.06 0.8
409.4 2.28 0.8
418.82 0.8 -0.2
439.57 0.75 -0.2
444.13 0.67 -0.2
473.75 0.67 0.8
478.44 1.18 0.8
489.36 0.65 -0.2
509.95 0.72 0.8
519.69 0.55 -0.2
541.09 1.65 0.8
550.51 1.08 -0.2
571.2 0.53 0.8
580.42 0.64 -0.2
604.39 0.46 0.8
614.75 0.73 -0.2
626.39 0.82 -1.2
