8.03 0.48 0.12
12.89 0.47 0.12
38.21 1.23 1.12
48.4 0.68 0.12
58.89 0.56 -0.88
75.63 0.69 -0.88
86.72 1.02 -0.88
92 0.54 -0.88
96.52 0.68 -0.88
113.12 1.17 0.12
128.58 0.61 -0.88
145.86 1 1.12
155.22 0.42 0.12
175.29 1.64 1.12
185.39 0.55 0.12
194.56 0.49 -0.88
211.86 2 1.12
217.41 0.7 1.12
228.3 0.41 0.12
250.05 0.9 0.12
260.57 0.46 0.12
282.77 1.74 1.12
292.93 3.04 0.12
297.72 0.95 0.12
309.14 0.7 -0.88
325.81 1.16 1.12
334.36 0.98 0.12
362.55 0.66 1.12
371.78 0.81 0.12
392.87 1.48 0.12
402.03 0.62 0.12
425.36 0.63 0.12
431.31 0.72 0.12
440.35 0.37 -0.88
457.34 0.54 0.12
466.66 0.43 -0.88
540.75 0.47 1.12
551.03 0.4 0.12
561.59 0.47 -0.88
579.76 2.71 0.12
588.03 1.58 -0.88
593.71 0.85 -0.88
599.04 0.62 -0.88
