7.97 1.19 1.02
18.4 3.04 0.02
22.85 0.87 0.02
32.74 0.95 -0.98
49.95 1.1 0.02
65.12 0.98 -0.98
69.82 0.86 -0.98
87.93 0.67 1.02
98.16 1.31 0.02
119.61 0.96 1.02
128.96 1.3 0.02
151.47 0.73 0.02
161.59 1.01 -0.98
183.95 0.61 1.02
193.98 0.93 0.02
205.52 0.65 -0.98
295.59 0.34 0.02
301.04 0.92 0.02
305.12 0.73 0.02
331.02 0.58 1.02
335.17 1.29 1.02
344.45 1.08 0.02
370.76 0.78 0.02
380.05 1.6 -0.98
400.39 0.7 1.02
410.29 0.92 0.02
420.46 0.53 -0.98
437.08 0.63 0.02
447.86 0.32 -0.98
453.82 0.34 -0.98
458.89 0.57 -0.98
474.89 0.8 1.02
485.98 0.7 0.02
514.09 0.73 1.02
525.53 0.58 0.02
546.38 0.69 1.02
554.92 0.6 0.02
565.32 0.6 -0.98
589.02 0.55 0.02
594.6 0.46 0.02
599.92 1.26 0.02
