7.07 0.85 -0.07
16.06 0.57 -1.07
20.44 0.42 -1.07
36.57 0.75 -0.07
41.58 0.91 -0.07
52.17 0.85 -1.07
77.5 1.26 0.93
88.14 0.85 -0.07
110.06 0.89 0.93
114.57 0.89 0.93
125.52 0.94 -0.07
149.25 0.66 -0.07
153.85 0.69 -0.07
157.9 0.59 -0.07
221.92 0.39 -0.07
227.12 0.48 -0.07
232.11 1.08 -0.07
258.01 2 -0.07
274.49 0.66 -1.07
291.19 0.63 0.93
302.25 0.68 -0.07
325.79 0.52 0.93
335.29 0.63 -0.07
356.46 1.7 0.93
365.89 0.52 -0.07
389.96 0.89 -0.07
399.37 0.71 -0.07
428.06 1.62 -0.07
442.5 0.37 -1.07
459.65 0.39 -0.07
464.39 0.54 -0.07
481.89 0.79 -1.07
499.11 1.59 -0.07
504.56 1.17 -0.07
532.12 0.72 -0.07
537.3 0.4 -0.07
565.32 0.56 0.93
576.57 0.41 -0.07
600.31 0.71 0.93
605.33 0.46 0.93
615.91 0.4 -0.07
