6.29 0.76 0.98
11.72 1.02 0.98
20.7 1.41 -0.02
43.91 2.34 -0.02
54.43 0.49 -0.02
65.52 0.66 -1.02
83.99 0.7 0.98
88.63 0.61 0.98
99.25 0.52 -0.02
121.58 0.59 0.98
131.01 1.11 -0.02
142.49 0.51 -1.02
157.63 0.78 0.98
167.62 0.58 -0.02
188.21 1.23 0.98
197.42 1.02 -0.02
219.68 0.6 0.98
229.71 0.59 -0.02
238.9 1.12 -1.02
258.47 1.43 0.98
263.52 0.81 0.98
274.11 0.72 -0.02
297.06 0.53 -0.02
301.56 0.61 -0.02
311.08 1.07 -0.02
334.42 3.11 0.98
340.51 0.47 0.98
351.98 0.61 -0.02
374.93 2.44 0.98
385.91 0.73 -0.02
407.78 1.76 -0.02
418.32 0.61 -1.02
442.43 0.62 -1.02
447.45 0.57 -1.02
459.02 1.61 -1.02
477.55 1.91 -0.02
494.23 0.53 -1.02
510.83 0.73 -0.02
521.28 1.11 -1.02
580.42 0.39 -1.02
590.46 0.57 -1.02
595.08 0.6 -1.02
