30.55 3.04 0.16
36.03 0.58 0.16
50.83 1.28 -0.84
66.73 0.83 0.16
80.52 0.7 -0.84
85.39 0.56 -0.84
103.25 1.03 0.16
117.69 0.5 -0.84
134.26 2.77 1.16
150.58 1.03 0.16
173.89 0.9 -0.84
183.04 0.67 -0.84
187.83 0.92 -0.84
192.98 1.05 -0.84
209.87 0.67 0.16
215.27 0.52 0.16
328.67 1.5 0.16
332.75 3.04 0.16
349.32 0.58 -0.84
365.97 0.62 1.16
371.16 0.99 1.16
380.24 0.88 0.16
400.77 2.27 1.16
416.85 0.7 0.16
438.47 0.72 1.16
447.8 0.59 0.16
469.55 2.71 1.16
479.34 0.79 0.16
502.15 0.71 0.16
506.61 0.58 0.16
510.83 0.7 0.16
533.85 0.57 0.16
542.9 0.68 -0.84
565.81 1.5 0.16
579.39 1.85 -0.84
595.78 0.59 0.16
605.2 0.91 0.16
615.16 0.7 -0.84
