7.68 0.62 0.13
16.91 0.53 -0.87
40.03 0.45 1.13
49.96 0.56 0.13
73.3 0.53 0.13
83.14 0.41 -0.87
104.39 0.48 1.13
114.24 0.5 0.13
124.48 0.55 -0.87
139.26 0.49 1.13
148.05 0.42 0.13
170.99 0.62 0.13
175.78 0.49 0.13
181.18 0.51 0.13
208.35 0.39 0.13
224.24 0.41 -0.87
229.36 0.42 -0.87
245.72 0.42 1.13
255.66 0.38 0.13
277.86 0.39 1.13
288.4 0.43 0.13
311.94 0.44 0.13
320.91 0.59 -0.87
330.89 0.44 -0.87
348.67 0.54 1.13
358.61 0.43 0.13
379.31 0.43 1.13
389.67 0.43 0.13
399.52 0.82 -0.87
415.99 0.44 1.13
425.49 0.42 0.13
435.26 0.34 -0.87
453.35 0.75 1.13
464.09 0.44 0.13
473.83 0.46 -0.87
491.21 0.36 0.13
496.93 0.37 0.13
524.86 0.54 0.13
530.14 0.44 0.13
540.3 0.42 -0.87
557.44 0.45 0.13
563.1 0.41 0.13
574.77 0.44 -0.87
592.77 0.54 0.13
603.27 0.41 -0.87
607.47 0.44 -0.87
612.8 0.53 -0.87
