6.71 0.81 0.17
17.77 0.71 -0.83
39.35 1.45 0.17
43.92 0.91 0.17
59.39 1.07 -0.83
76.41 0.86 1.17
86.16 0.93 0.17
96.6 0.84 -0.83
114.73 0.85 1.17
120.76 1.03 1.17
130.96 0.66 0.17
155.41 1.86 0.17
160.45 0.91 0.17
164.64 1.03 0.17
186.19 0.89 1.17
196.26 0.54 0.17
205.17 1.1 -0.83
222.8 0.91 0.17
227.82 0.73 0.17
242.46 0.78 -0.83
258.93 0.79 0.17
272.66 0.75 -0.83
288.76 1.16 0.17
293.84 0.81 0.17
298.79 0.84 0.17
325.76 0.7 0.17
330.86 0.85 0.17
341.33 0.9 -0.83
358.31 0.8 0.17
364.05 0.73 0.17
375.35 1.09 -0.83
399.14 0.8 0.17
404.94 1.03 0.17
415.86 0.59 -0.83
432.63 0.59 0.17
437.61 0.57 0.17
449.09 0.62 -0.83
563.67 0.78 0.17
572.44 0.86 -0.83
594.32 0.87 0.17
605.58 0.67 0.17
