10.48 0.42 -0.95
20.2 0.46 -0.95
24.72 0.41 -0.95
40.03 0.57 1.05
51.29 0.38 0.05
60.6 0.57 -0.95
107.12 0.37 1.05
123.25 0.39 0.05
142.83 0.51 0.05
147.6 0.39 0.05
156.49 0.38 0.05
183.45 0.38 0.05
211.6 0.43 1.05
221.04 0.5 0.05
242.13 0.43 0.05
252.83 0.4 0.05
275.81 0.45 1.05
285.76 0.39 0.05
296.01 0.43 -0.95
312.89 0.52 0.05
317.73 0.55 0.05
322.2 0.86 0.05
349.47 0.39 1.05
353.62 1.27 1.05
363.79 0.4 0.05
385.37 0.4 1.05
395.6 0.41 0.05
423.73 0.45 0.05
433.99 1.09 -0.95
444.11 0.58 -0.95
462.02 0.38 0.05
466.5 0.47 0.05
477.45 0.64 -0.95
539.57 0.53 0.05
550.83 0.36 -0.95
566.62 0.44 1.05
577.38 0.41 0.05
598.89 0.5 0.05
613.2 0.41 -0.95
