5.33 0.76 0.13
10.95 0.77 0.13
27 0.76 -0.87
41.83 1.04 1.13
50.32 0.69 0.13
74.48 0.62 1.13
85.15 0.82 0.13
111.76 0.49 1.13
122.89 1.03 0.13
133.65 0.89 -0.87
151.42 0.66 1.13
156.78 0.74 1.13
165.69 0.72 0.13
187.05 0.46 1.13
197.57 0.71 0.13
224 1.14 0.13
229.63 0.71 0.13
234.15 0.97 0.13
264.71 0.54 0.13
269.91 0.8 0.13
281.65 0.65 -0.87
298.8 0.78 -0.87
308.48 0.65 -0.87
312.85 0.91 -0.87
316.97 1.4 -0.87
332.44 0.64 0.13
343.15 0.84 0.13
353.19 0.77 -0.87
370.3 0.45 1.13
378.6 1.11 0.13
389.07 0.85 -0.87
406.48 0.9 0.13
417.97 0.47 -0.87
422.51 1.18 -0.87
427.01 1.17 -0.87
444.66 0.87 -0.87
449.59 0.66 -0.87
454.2 0.68 -0.87
477.91 0.87 1.13
487.97 0.82 0.13
515.38 1.54 -0.87
526.31 0.68 -0.87
542.64 1.43 1.13
553.64 1.55 0.13
575.82 0.41 1.13
580.78 0.87 1.13
591.02 0.84 0.13
