5.57 1.76 0.97
11.16 1.04 0.97
22.33 1.58 -0.03
45.14 0.66 -0.03
61.54 0.59 -1.03
65.83 0.68 -1.03
80.84 0.79 -0.03
97 0.89 -1.03
116.55 1.3 0.97
128.09 1.22 -0.03
139.69 0.81 -1.03
155.97 1.53 0.97
166.63 1.05 -0.03
191.98 1.18 -1.03
202.95 0.7 -1.03
221.17 0.79 -0.03
226.91 0.69 -0.03
238.5 0.98 -1.03
255.5 1.32 0.97
265.05 0.82 -0.03
287.17 1.65 0.97
298.06 0.99 -0.03
320.43 0.73 0.97
330.89 0.83 -0.03
353.35 1.24 0.97
368.7 0.6 -0.03
505.41 0.7 -0.03
509.58 0.96 -0.03
519.49 0.55 -1.03
524.64 0.61 -1.03
542.74 0.92 -0.03
548.82 0.75 -0.03
558.06 1.14 -0.03
580.74 0.89 0.97
586.82 0.88 0.97
596.91 0.72 -0.03
