107.69 0.88 1.33333333333333
143.2 0.9 1.33333333333333
179.04 1.42 1.33333333333333
183.97 1.16 0.333333333333333
282.63 1.06 0.333333333333333
291.27 0.92 -1.66666666666667
313.87 0.75 0.333333333333333
346.13 0.93 1.33333333333333
390.09 0.99 1.33333333333333
394.85 1.46 0.333333333333333
449.08 0.68 -2.66666666666667
467.19 0.56 1.33333333333333
478.61 0.72 -0.666666666666667
489 0.65 -2.66666666666667
540.53 1.55 0.333333333333333
573.78 0.7 1.33333333333333
583.72 1.44 -0.666666666666667
598.54 1.17 -2.66666666666667
