7.67 0.83 2.0952380952381
17.35 2.08 0.0952380952380953
27.26 1.24 -1.9047619047619
54.42 0.96 1.0952380952381
63.68 1.3 -0.904761904761905
82.86 1.24 2.0952380952381
121.24 1.4 1.0952380952381
133.15 1.47 1.0952380952381
143.07 1.25 -0.904761904761905
309.29 0.58 0.0952380952380953
318.72 0.93 -1.9047619047619
353.84 0.59 -0.904761904761905
375.46 0.67 1.0952380952381
380.94 0.79 0.0952380952380953
386.81 0.87 -0.904761904761905
473.91 2.53 0.0952380952380953
484.41 1.24 -1.9047619047619
500.54 1.12 1.0952380952381
509.49 1.48 -0.904761904761905
572.89 0.78 1.0952380952381
584.23 0.84 -0.904761904761905
