7.72 0.77 1.58823529411765
13.76 0.66 0.588235294117647
45.38 0.39 0.588235294117647
147.68 0.51 1.58823529411765
215.67 0.34 1.58823529411765
224.47 0.38 -0.411764705882353
234.61 0.42 -2.41176470588235
253.03 0.35 1.58823529411765
263.02 0.62 -0.411764705882353
291.21 0.56 0.588235294117647
326.88 0.37 0.588235294117647
336.79 0.4 -1.41176470588235
407.79 0.64 -2.41176470588235
444.59 0.85 -2.41176470588235
462.8 0.99 0.588235294117647
533.74 0.78 0.588235294117647
538.39 0.72 -0.411764705882353
