5.86 0.48 1
15.78 1.07 1
24.49 0.6 1
41.3 0.66 1
50.79 0.55 1
70.05 0.62 1
74.73 0.74 1
84.43 1.03 1
105.77 0.99 1
111.81 0.77 1
125.82 0.8 1
195.08 0.61 1
206.84 0.65 1
229.19 0.59 1
239.38 0.46 1
268.63 0.89 1
274.06 0.6 1
279.61 0.73 1
300.14 0.46 1
310.31 0.7 1
335 0.44 1
340.77 0.66 1
354.31 0.84 1
372.66 0.71 1
383.64 0.92 1
393.33 0.71 1
411.39 0.39 1
417.27 0.33 1
444.74 0.49 1
454.82 0.56 1
465.68 0.89 1
482.49 0.43 1
490.96 0.55 1
513.74 0.52 1
524.17 1.14 1
534.2 0.89 1
551.28 0.66 1
561.55 0.71 1
583.01 0.84 1
599.59 0.62 1
