7.22 0.57 1
17.51 0.27 1
27.28 0.36 1
45.02 0.91 1
55.59 0.34 1
65.93 0.26 1
84.2 0.31 1
93.64 0.45 1
104.62 0.65 1
126.87 0.47 1
140.81 0.45 1
160.08 0.61 1
170.27 0.43 1
231.03 0.35 1
236.21 1.19 1
263.47 0.31 1
273.44 0.39 1
278.62 0.65 1
283.16 0.97 1
300.24 0.46 1
312.16 0.33 1
335.44 0.08 1
340.35 0.33 1
350.68 0.37 1
372.17 0.51 1
377.76 0.13 1
386.03 0.4 1
408.9 0.31 1
418.94 0.4 1
429.24 0.3 1
446.54 0.28 1
454.98 0.34 1
475.12 1.29 1
491.19 0.38 1
509.11 0.29 1
519.61 0.54 1
543.01 0.47 1
553.02 0.38 1
573.96 0.36 1
583.97 0.35 1
593.36 0.97 1
