6.48 0.69 1
11.35 1.02 1
16.19 0.94 1
48.12 0.58 1
58.1 0.55 1
73.11 1.16 1
82.62 1.13 1
110.73 0.86 1
120.84 0.7 1
136.7 0.89 1
146.66 0.96 1
152.16 0.85 1
157.2 0.68 1
225.03 0.85 1
235.79 0.71 1
257.32 1.34 1
261.89 1.66 1
272.1 0.75 1
295.74 1.08 1
304.88 0.64 1
365.4 0.62 1
369.83 0.71 1
402.45 0.5 1
411.17 0.61 1
415.34 0.58 1
432.17 0.9 1
442.11 1.2 1
447.33 1.27 1
463.1 0.93 1
473.32 0.86 1
494.36 0.74 1
505.38 0.56 1
528.49 0.89 1
538.49 0.45 1
560.36 0.78 1
571.64 0.7 1
599.31 0.57 1
603.74 0.49 1
614.73 0.64 1
