7.18 0.58 1
16.76 0.54 1
39.49 0.48 1
45.44 0.43 1
56.39 0.74 1
82.48 0.55 1
94.2 0.79 1
112.5 0.55 1
118.11 1.07 1
127.15 0.72 1
148.27 0.51 1
152.93 0.58 1
181.03 0.8 1
186.04 0.46 1
190.2 0.78 1
220.86 0.46 1
225.14 0.93 1
229.98 0.74 1
250.95 1.57 1
262.52 0.46 1
267.87 0.67 1
291.48 0.43 1
301.52 0.68 1
320.49 0.61 1
330.29 0.48 1
340.35 0.57 1
356.92 0.59 1
371.74 0.5 1
390.97 0.67 1
396.7 0.64 1
406.74 0.47 1
430.1 0.72 1
439.11 0.79 1
461.92 0.45 1
467.08 0.52 1
495.8 0.86 1
500.25 0.98 1
510.17 0.98 1
531.59 0.36 1
535.78 0.39 1
540.43 0.61 1
563.83 0.4 1
573.41 0.84 1
584.25 0.56 1
600.68 0.75 1
614.89 0.77 1
620.85 0.55 1
