6.35 0.48 1
11.95 0.65 1
43.02 0.59 1
47.71 0.5 1
53.19 0.62 1
64.34 1.54 1
82.52 1.35 1
93.5 0.59 1
104.68 0.59 1
121.12 0.49 1
126.05 0.61 1
141.45 0.74 1
157.98 1.1 1
172.83 0.85 1
189.51 1.79 1
202.91 0.61 1
208.62 0.99 1
230.54 1.27 1
239.82 1.09 1
263.4 0.97 1
269.21 0.72 1
294.96 0.5 1
304.87 1.01 1
325.25 0.56 1
330.82 0.46 1
339.81 0.73 1
357.72 0.67 1
368.37 1.14 1
379.76 0.58 1
431.58 0.47 1
442.01 1.02 1
464.71 0.57 1
469.48 0.73 1
475.44 0.76 1
501.74 0.73 1
516.28 0.73 1
534.44 0.54 1
544.52 0.65 1
555.31 1.09 1
571.3 0.65 1
580 0.8 1
585.32 1.19 1
609.02 0.85 1
619.03 0.61 1
623.28 0.59 1
