5.53 1 1
11.14 0.71 1
27.5 0.45 1
43.42 0.61 1
48.86 0.84 1
59.65 0.73 1
82.43 0.51 1
95.77 0.55 1
119.23 0.63 1
127.71 0.66 1
149.77 1.48 1
160.43 0.51 1
186.91 0.7 1
195.87 0.65 1
212.51 0.78 1
218.16 0.79 1
229.56 0.66 1
253.91 0.48 1
265.28 0.5 1
289.56 0.81 1
300.01 0.71 1
309.19 0.56 1
332 0.9 1
340.21 0.61 1
367.97 0.73 1
373.29 0.67 1
377.35 0.72 1
399.42 1.17 1
409.44 0.83 1
431.76 0.61 1
442.37 0.58 1
464.2 1.07 1
473.7 1.16 1
497.27 0.97 1
506.35 0.96 1
510.6 0.93 1
529.17 0.45 1
538.85 0.53 1
560.79 0.84 1
571.98 0.86 1
582.85 1.05 1
598.56 1.19 1
607.7 0.83 1
