6.28 0.48 1
17.14 0.46 1
39.24 0.43 1
43.6 0.53 1
53.14 0.86 1
75.93 0.5 1
80.55 0.9 1
90.67 0.7 1
109.06 0.47 1
120.09 0.48 1
143.34 1.39 1
155.1 0.89 1
164.55 0.54 1
181.96 0.5 1
190.49 0.69 1
202.07 0.88 1
218.46 0.45 1
229.44 0.88 1
238.72 0.52 1
257.02 0.37 1
267.12 0.81 1
299.86 0.63 1
310.43 0.43 1
330.87 0.63 1
340.9 0.91 1
349.17 0.49 1
367.32 0.45 1
372.32 0.68 1
381.78 0.43 1
399.66 0.49 1
410.35 1.16 1
433.18 0.62 1
443.28 0.46 1
455.24 1.11 1
472.9 0.53 1
484.79 0.52 1
504.44 0.75 1
515.09 0.7 1
525.89 0.55 1
542.16 0.48 1
553.28 0.42 1
563.19 0.48 1
579.74 0.4 1
589.19 0.38 1
