5.14 0.59 1
10.79 0.37 1
25.58 0.36 1
42.36 0.38 1
47.5 0.38 1
56.76 0.4 1
78.07 0.38 1
93.14 0.43 1
114.42 0.46 1
123.78 0.44 1
135.49 0.46 1
152.79 0.38 1
163.12 0.4 1
184.6 0.35 1
193.85 0.57 1
223.13 0.48 1
232.66 0.6 1
289.22 0.49 1
299.19 0.36 1
309.4 0.39 1
326.45 0.39 1
330.83 0.38 1
344.9 0.48 1
361.36 0.54 1
365.69 0.38 1
375.08 0.44 1
399.2 0.49 1
405.19 0.36 1
409.79 0.34 1
415.02 0.36 1
435.24 0.62 1
446.09 0.48 1
469.3 0.39 1
477.65 0.48 1
505.67 0.63 1
509.97 0.44 1
514.11 0.61 1
535.12 0.45 1
546.58 0.35 1
568.39 0.38 1
584.34 0.56 1
589.86 0.36 1
