30.55 3.04 1
36.03 0.58 1
50.83 1.28 1
66.73 0.83 1
80.52 0.7 1
85.39 0.56 1
103.25 1.03 1
117.69 0.5 1
134.26 2.77 1
150.58 1.03 1
173.89 0.9 1
183.04 0.67 1
187.83 0.92 1
192.98 1.05 1
209.87 0.67 1
215.27 0.52 1
328.67 1.5 1
332.75 3.04 1
349.32 0.58 1
365.97 0.62 1
371.16 0.99 1
380.24 0.88 1
400.77 2.27 1
416.85 0.7 1
438.47 0.72 1
447.8 0.59 1
469.55 2.71 1
479.34 0.79 1
502.15 0.71 1
506.61 0.58 1
510.83 0.7 1
533.85 0.57 1
542.9 0.68 1
565.81 1.5 1
579.39 1.85 1
595.78 0.59 1
605.2 0.91 1
615.16 0.7 1
