7.49 0.81 1
13.5 0.95 1
40.14 0.85 1
44.83 1.97 1
61.96 1.52 1
79.15 1.62 1
89.48 1.72 1
98.56 0.84 1
115.35 1.3 1
132.13 0.72 1
149.19 0.91 1
158.76 0.76 1
167.94 0.63 1
185.42 0.9 1
201.35 0.83 1
220.28 0.69 1
224.57 0.63 1
229.26 0.43 1
252.31 1.05 1
257.07 1.02 1
269.01 0.96 1
292.42 0.52 1
302.81 1.19 1
312.07 0.75 1
330.48 0.7 1
335.35 0.96 1
346.87 0.86 1
369.84 0.8 1
380.52 0.78 1
477.27 0.77 1
482.91 1.05 1
487.24 1.17 1
497.56 1.1 1
515.85 0.75 1
525.02 1.14 1
534.39 0.99 1
552.3 0.74 1
556.92 0.91 1
562.93 0.78 1
573.29 1.23 1
589.39 0.78 1
595.11 0.96 1
604.89 1.43 1
