7.18 0.48 1
11.36 0.44 1
16.88 0.65 1
48.8 0.56 1
77.72 1.28 1
87.23 0.41 1
97.2 0.31 1
114.72 0.7 1
123.64 0.5 1
143.74 0.6 1
149.13 0.35 1
177.27 0.51 1
181.66 0.43 1
191.01 0.36 1
221.66 1.19 1
226.4 0.44 1
230.92 0.5 1
254.59 1.14 1
264.88 0.51 1
288 0.44 1
292.24 0.36 1
319.32 0.5 1
329.55 0.59 1
338.37 0.46 1
355.52 1.04 1
366.9 0.37 1
377.97 0.35 1
394.6 0.42 1
405.03 0.46 1
410.43 0.44 1
414.81 0.35 1
431.75 0.68 1
437.15 0.62 1
448.33 0.41 1
468.49 2.5 1
477.24 0.78 1
497.83 0.42 1
507.25 0.42 1
537.29 0.32 1
541.55 0.4 1
546 0.37 1
568.46 1.17 1
577.94 0.35 1
600.82 0.4 1
614.83 0.39 1
