6.59 3.14 1
12.34 0.74 1
22.61 1.08 1
32.28 0.8 1
51.91 0.71 1
62.53 0.53 1
66.74 3.11 1
87.44 0.57 1
93.12 1.66 1
103.68 0.51 1
177.82 0.62 1
187.62 0.7 1
209.61 0.75 1
220.59 0.73 1
242.05 1.47 1
253.73 0.72 1
259.39 0.67 1
278.09 0.55 1
292.97 0.62 1
310.34 0.71 1
325.54 0.59 1
344.49 0.83 1
350.44 0.75 1
366.44 0.6 1
383.94 1.52 1
388.11 1.06 1
397.71 0.59 1
419.41 1.08 1
430.64 0.75 1
508.43 2.34 1
512.82 1.32 1
518.14 0.76 1
538.46 1.17 1
547.65 0.85 1
570.29 3.09 1
581.3 0.75 1
604.31 1.07 1
614.96 0.63 1
