5.12 0.83 1
10.79 0.86 1
42.79 0.62 1
47.26 0.47 1
53.04 0.81 1
76.15 1.19 1
85.33 0.84 1
109.93 0.7 1
115.96 0.71 1
120.47 0.94 1
140.92 0.61 1
151.05 1.26 1
162.7 1.33 1
180.04 1.96 1
191.35 1.17 1
213.8 1.16 1
225.06 0.68 1
251.71 0.74 1
256.92 0.8 1
262.45 1.27 1
285.34 1.68 1
295.73 0.92 1
318.56 0.79 1
328.53 0.95 1
352.21 0.6 1
357.66 0.68 1
368.76 0.72 1
391.44 0.77 1
400.26 0.8 1
422.35 0.66 1
426.71 0.85 1
452.2 0.76 1
463.39 0.81 1
484.93 1.08 1
496.52 0.88 1
519.01 0.76 1
523.24 2.31 1
550.4 0.74 1
556.37 0.76 1
566.11 0.8 1
584.12 0.76 1
589.26 0.78 1
593.44 0.75 1
599.26 0.89 1
