6.9 0.83 1
12.79 0.71 1
21.17 0.72 1
44.83 0.69 1
50.43 1.16 1
60.32 0.66 1
76.52 0.62 1
80.9 0.47 1
89.96 0.84 1
113.27 0.55 1
123.89 0.78 1
133.52 0.77 1
151.21 0.67 1
156.62 0.57 1
166.79 0.77 1
189.96 0.69 1
194.76 0.58 1
204.98 0.82 1
226.35 0.6 1
230.49 1.12 1
258.58 0.69 1
268.67 0.6 1
292.04 1.12 1
303.07 0.71 1
323.97 0.51 1
335.14 0.58 1
359.18 0.61 1
365.24 0.81 1
379.59 0.94 1
396.19 1.27 1
400.24 0.57 1
409.91 1.33 1
426.01 0.6 1
436.45 0.69 1
457.84 1.59 1
463.47 1 1
472.97 0.47 1
490 1.28 1
501.06 0.71 1
524.84 0.86 1
530.5 0.92 1
539.55 0.81 1
560.43 0.6 1
564.57 0.56 1
568.8 0.62 1
600.06 0.55 1
610.81 0.53 1
