12.98 1.89 1
18.5 2.58 1
23.97 1.97 1
44.93 2.69 1
54.48 2.03 1
65.3 1.16 1
84.62 2.16 1
90.18 1.01 1
99.32 1.19 1
115.91 2.09 1
126.2 0.88 1
136.08 0.83 1
163.52 1.72 1
173.41 1.13 1
189.1 2.38 1
199.01 1.33 1
210.59 0.97 1
228.94 1.95 1
233.1 1.23 1
242.64 1.8 1
265.37 1.43 1
270.02 0.94 1
290.72 0.94 1
307.3 1.51 1
316.58 1.1 1
327.07 1.15 1
344.67 0.55 1
349.05 1.14 1
358.43 0.76 1
376.14 0.8 1
381.61 0.89 1
387.15 1.21 1
408.21 1.45 1
418.59 1.43 1
429.33 0.92 1
446.02 0.93 1
456.64 1.05 1
476.29 1.45 1
486 1.24 1
508.03 0.78 1
524.57 0.85 1
548.84 0.89 1
554.89 0.72 1
559.33 1.1 1
582.03 1.64 1
587.27 1.07 1
597.77 1.09 1
