6.61 0.46 1
16.79 0.53 1
26.06 0.38 1
43.84 0.83 1
49.27 0.81 1
59.14 0.43 1
81.09 0.46 1
90.84 0.38 1
100.37 0.5 1
117.96 0.56 1
128.21 0.42 1
148.63 0.57 1
162.47 0.46 1
167.66 0.4 1
226.09 0.49 1
236.2 0.48 1
246.2 0.5 1
264.04 0.5 1
269.69 0.75 1
279.22 0.46 1
299.89 0.43 1
311.23 0.41 1
320.26 0.45 1
335.48 0.58 1
340.27 0.43 1
344.41 1.03 1
363.62 0.52 1
368.58 0.4 1
373.43 0.54 1
402.59 0.52 1
412.74 0.67 1
422.58 0.51 1
439.15 1.18 1
449.4 0.43 1
468.9 1.9 1
473.92 1.18 1
500.61 0.41 1
511.39 0.69 1
520.67 0.59 1
538.93 0.41 1
549.26 0.41 1
570.3 0.54 1
576.31 0.49 1
581.48 0.67 1
604.1 0.51 1
614.34 0.57 1
