5.43 0.59 1
15.41 0.6 1
38.39 0.45 1
44.4 0.91 1
60.42 0.53 1
138.59 0.46 1
148.35 0.48 1
158.26 0.67 1
175.89 0.53 1
186.87 0.45 1
197.46 0.5 1
215.03 0.46 1
225.4 0.47 1
247.99 0.42 1
253.26 0.49 1
257.91 1.25 1
279.3 0.59 1
290.73 0.43 1
295.27 0.52 1
299.89 0.47 1
320.7 0.78 1
331.68 0.67 1
351.98 0.44 1
361.03 0.52 1
370.98 0.55 1
388.42 0.48 1
398.59 0.46 1
403.3 0.47 1
407.59 0.47 1
425.58 0.4 1
435.19 0.49 1
462.97 0.41 1
468.93 0.45 1
484.41 0.58 1
501.22 0.59 1
517.24 0.73 1
534.76 0.44 1
540.64 0.62 1
569.49 0.48 1
579.49 0.9 1
600.69 0.57 1
610.51 1.59 1
619.98 0.62 1
