7.03 0.77 1
17.34 0.59 1
28.5 0.37 1
49.35 0.9 1
58.57 0.66 1
79.95 0.8 1
89.52 0.75 1
99.87 1.8 1
117.12 0.56 1
133.51 0.55 1
150.47 0.66 1
155.85 0.75 1
182.65 0.79 1
193.2 0.52 1
198.21 0.97 1
214.27 0.71 1
224.84 0.96 1
251.78 0.45 1
257.53 0.62 1
262.09 1.61 1
282.8 1.14 1
292.4 0.57 1
302.4 0.69 1
318.73 0.45 1
323.07 0.44 1
337.11 0.57 1
352.83 0.59 1
363.36 2.25 1
385 0.52 1
390.83 0.65 1
400.55 0.52 1
464.29 0.5 1
474.85 0.59 1
503.94 0.68 1
514.04 0.93 1
542.37 1.06 1
558.81 0.44 1
576.9 1.87 1
586.15 0.74 1
597.43 0.46 1
