6.82 0.75 1
18.3 0.45 1
78.52 0.67 1
83.9 0.61 1
94.74 0.51 1
113.41 2.44 1
123.13 0.66 1
142.88 1.69 1
146.98 0.89 1
157.28 0.39 1
173.38 0.38 1
178.82 0.94 1
206.81 1.74 1
217.12 0.33 1
244.97 0.43 1
256.56 0.41 1
261.81 0.51 1
278.15 0.32 1
294.42 0.51 1
312.09 0.62 1
317.72 0.81 1
326.91 0.49 1
342.96 0.52 1
347.22 0.32 1
361.73 0.67 1
377.3 0.5 1
382.68 0.63 1
393.87 0.47 1
398.84 0.38 1
416.3 0.34 1
426.78 0.45 1
436.97 1.09 1
456.17 0.36 1
466.19 0.46 1
475.56 0.42 1
491.69 0.37 1
505.12 0.36 1
522.84 0.68 1
531.52 0.51 1
540.69 0.4 1
558.1 0.43 1
562.87 0.51 1
567.02 0.4 1
600.45 0.33 1
610.53 0.36 1
616.27 0.38 1
