96.39 0.66 1
105.98 0.51 1
128.88 1.31 1
139.35 0.59 1
159.46 0.55 1
176.21 0.68 1
193.08 0.48 1
204.39 1.31 1
225.95 0.49 1
242.23 0.59 1
258.04 0.35 1
262.89 0.52 1
271.98 0.9 1
289.19 0.41 1
299.06 0.84 1
319.87 0.46 1
324.68 0.47 1
329.08 0.48 1
334.91 0.57 1
358.01 0.66 1
362.63 0.67 1
374.08 0.63 1
390.9 0.78 1
396.75 0.48 1
407.11 0.68 1
430.16 0.46 1
440.51 0.66 1
463.11 0.41 1
467.85 0.51 1
491.89 0.6 1
506.03 0.69 1
523.18 0.73 1
534.4 0.46 1
557.25 0.51 1
567.71 0.49 1
575.99 0.48 1
594.15 0.82 1
604.79 0.99 1
615.35 0.46 1
