5.54 1.04 1
16.68 0.8 1
26.16 1.28 1
42.39 0.66 1
51.82 0.7 1
73.82 0.5 1
85.19 0.5 1
95.53 0.53 1
111.65 0.65 1
117.28 0.93 1
126.93 0.56 1
149.13 0.49 1
164.07 0.37 1
179.89 0.73 1
190.45 0.66 1
201.53 0.8 1
217.86 0.75 1
228 0.64 1
237.59 0.53 1
254.21 0.6 1
265.52 1.61 1
276.36 0.56 1
294.02 0.62 1
304.23 0.42 1
327.37 0.53 1
338.47 0.45 1
347.18 0.41 1
363.48 0.62 1
369.16 0.47 1
382.85 0.52 1
401.54 0.55 1
412.18 0.57 1
432.69 0.49 1
442.75 0.56 1
453.49 0.71 1
469.94 0.6 1
481.64 0.56 1
505.88 0.43 1
515.35 0.48 1
526.24 0.48 1
544.77 0.62 1
553.77 0.58 1
575.13 0.63 1
586.14 0.74 1
595.17 0.49 1
