8.03 0.48 1
12.89 0.47 1
38.21 1.23 1
48.4 0.68 1
58.89 0.56 1
75.63 0.69 1
86.72 1.02 1
92 0.54 1
96.52 0.68 1
113.12 1.17 1
128.58 0.61 1
145.86 1 1
155.22 0.42 1
175.29 1.64 1
185.39 0.55 1
194.56 0.49 1
211.86 2 1
217.41 0.7 1
228.3 0.41 1
250.05 0.9 1
260.57 0.46 1
282.77 1.74 1
292.93 3.04 1
297.72 0.95 1
309.14 0.7 1
325.81 1.16 1
334.36 0.98 1
362.55 0.66 1
371.78 0.81 1
392.87 1.48 1
402.03 0.62 1
425.36 0.63 1
431.31 0.72 1
440.35 0.37 1
457.34 0.54 1
466.66 0.43 1
540.75 0.47 1
551.03 0.4 1
561.59 0.47 1
579.76 2.71 1
588.03 1.58 1
593.71 0.85 1
599.04 0.62 1
