37.6 0.51 1
47.5 0.67 1
58.56 0.64 1
75.85 0.61 1
84.33 0.51 1
113 0.4 1
117.39 0.74 1
134.41 0.6 1
151.24 0.44 1
161.85 0.6 1
217.4 0.62 1
232.18 1.08 1
249.16 1.4 1
262.87 0.91 1
268.62 1.17 1
285.14 0.73 1
295.18 1.06 1
317.08 0.75 1
322.4 0.74 1
332.24 0.49 1
396.17 0.61 1
400.38 0.66 1
405.53 0.65 1
427.58 0.61 1
436.43 0.69 1
459.56 0.59 1
464.54 1.19 1
468.67 1.24 1
488.41 0.72 1
494.38 0.63 1
505.39 0.45 1
534.05 0.8 1
544.06 0.73 1
562.52 0.69 1
579.19 0.35 1
585.2 0.59 1
602.44 0.49 1
612.02 1.05 1
621.8 0.65 1
