65.48 0.78 1
76.49 1.06 1
99.33 0.46 1
104.4 0.55 1
113.73 0.85 1
130.95 0.62 1
135.93 0.65 1
146.02 0.69 1
165.8 0.42 1
171.51 0.62 1
181.66 1.17 1
199.82 0.81 1
210.34 0.68 1
216.03 0.74 1
232.25 0.57 1
242.89 0.47 1
253.53 0.58 1
281.24 1.04 1
290.85 0.48 1
312.94 0.4 1
317.38 0.56 1
323.01 0.5 1
356.05 0.43 1
360.36 0.6 1
364.46 0.68 1
386.4 0.41 1
391.42 0.42 1
397.22 1.37 1
408.5 0.49 1
425.13 0.47 1
430.68 0.55 1
441.76 0.72 1
520.27 0.65 1
525.86 0.54 1
530.44 0.68 1
553.56 0.65 1
569.1 0.53 1
573.36 0.59 1
591.44 0.56 1
606.24 1.44 1
