5.6 0.66 1
10.53 1.66 1
37.69 0.36 1
43.19 0.34 1
47.59 1.36 1
71.9 0.69 1
77.55 0.37 1
107.95 0.91 1
119.45 0.46 1
141.07 0.79 1
150.86 2.63 1
173.11 0.6 1
184.68 0.71 1
205.9 0.39 1
211.94 0.48 1
217.6 0.5 1
247.29 0.55 1
262.26 0.51 1
284.68 0.72 1
293.51 0.95 1
310.45 1.65 1
320.45 0.41 1
342.35 0.54 1
348.08 0.85 1
353.29 1.53 1
362.13 0.6 1
380.76 0.43 1
394.67 0.38 1
417.82 0.44 1
427.01 0.41 1
442.92 0.38 1
453.25 0.39 1
461.86 0.29 1
480.55 0.51 1
485.93 0.89 1
491.39 0.93 1
500.42 1.08 1
516.98 0.43 1
528.47 0.42 1
533.01 0.48 1
550.28 0.53 1
558.75 0.44 1
568.92 0.54 1
588.19 0.47 1
598.92 0.61 1
