5.33 3.15 1
10.18 3.12 1
15.86 3.12 1
20.91 3.1 1
26.27 0.86 1
42.97 1.28 1
69.29 1.33 1
83.46 1.13 1
107.21 1.72 1
118.96 1.4 1
124.03 1.94 1
147.47 2.86 1
162.83 0.85 1
180.6 2.53 1
185.48 1.12 1
190.98 1.16 1
220.11 0.86 1
247.67 2.97 1
253.13 1.01 1
268.87 0.68 1
285.51 3.12 1
290.65 3.12 1
296.18 0.47 1
306.14 0.97 1
329.39 0.86 1
345.47 0.57 1
364.73 2.13 1
378.86 1.15 1
396.1 3.12 1
401.55 3.11 1
407.07 1.07 1
417.42 1.97 1
444.86 2.29 1
454.31 0.72 1
463.52 0.52 1
479.89 1.57 1
489.79 0.76 1
511.78 3.11 1
516.08 1.03 1
530.11 1.67 1
541.22 0.83 1
558.37 1.41 1
568.05 0.63 1
577.68 1.28 1
595.3 2.46 1
604.69 0.82 1
