6.25 0.7 1
16.16 0.74 1
40.43 0.57 1
51.48 0.55 1
79.59 0.48 1
94.66 0.47 1
117.81 0.57 1
122.86 0.43 1
127.95 0.79 1
150.36 1.14 1
160.5 0.51 1
171.94 0.62 1
190.95 0.67 1
195.46 0.7 1
206.13 0.81 1
232.53 0.4 1
261.9 0.53 1
271.87 0.59 1
283.24 0.66 1
299.56 1.57 1
313.65 0.8 1
331.91 0.75 1
341.67 0.7 1
352.88 0.48 1
370.72 0.91 1
375.99 1 1
386.59 0.78 1
407.9 0.64 1
413.23 0.48 1
445.65 0.53 1
460.92 0.77 1
477.38 0.58 1
489.12 0.51 1
500.61 0.7 1
517.19 3.11 1
522.66 0.54 1
528.73 0.59 1
533.13 0.66 1
597.34 0.74 1
603.42 0.93 1
615.05 0.43 1
