8.05 1.27 1
13.32 0.8 1
18.08 0.88 1
74.69 1.2 1
79.51 0.93 1
90.23 0.77 1
111.98 0.98 1
122.94 0.96 1
144.44 0.96 1
155.64 1.85 1
185.48 0.86 1
195.87 0.49 1
212.34 2.32 1
216.43 0.91 1
226.52 0.7 1
243.29 1.12 1
247.96 0.62 1
252.48 0.65 1
274.04 1.3 1
290.25 0.65 1
309.53 0.87 1
315.44 0.93 1
330.5 0.67 1
348.06 0.8 1
359.04 1.12 1
382.99 1.78 1
393.38 0.77 1
414.58 1.32 1
426 0.85 1
435.54 1.26 1
452.03 1.24 1
462.77 0.62 1
483.45 0.98 1
493.06 0.94 1
503.5 0.9 1
521.84 1.51 1
527.27 0.83 1
537.14 1.49 1
555.35 0.87 1
564.8 0.98 1
573.26 0.81 1
589.73 0.83 1
601.03 0.92 1
611.13 0.92 1
