7.52 0.59 1
17.7 0.48 1
42.66 0.62 1
53.35 0.55 1
64.54 0.85 1
82.76 0.56 1
86.84 1.46 1
91.07 0.81 1
100.63 0.45 1
117.37 0.69 1
126.33 0.97 1
144.97 0.55 1
155.95 0.76 1
179.49 0.44 1
183.61 0.39 1
193.09 0.39 1
212.26 0.48 1
217.35 0.57 1
232.64 0.43 1
247.88 0.7 1
257.82 0.44 1
267.41 0.42 1
283.18 0.41 1
294.35 0.8 1
298.59 0.43 1
314.36 0.41 1
318.5 0.46 1
323.88 0.36 1
344.88 3.04 1
349.68 1.29 1
355.66 2.07 1
459.47 0.51 1
474.46 0.75 1
523.98 0.62 1
529.39 0.6 1
535.02 0.69 1
561.2 0.73 1
566.59 0.56 1
576.05 0.59 1
