7.04 0.72 1
18.7 0.41 1
23.21 0.82 1
27.36 0.81 1
44.91 0.48 1
54.22 0.81 1
75.19 1.09 1
80.09 0.91 1
90.58 0.59 1
115.32 0.88 1
130.81 0.54 1
146.83 0.84 1
152.57 2.02 1
180.36 0.64 1
185.07 0.6 1
194.15 0.85 1
213.92 0.96 1
218.76 0.75 1
233.42 0.81 1
248.88 1.25 1
253.39 0.9 1
280.55 0.47 1
290.09 0.54 1
299.39 0.76 1
361.74 0.47 1
372.32 0.64 1
383.8 0.7 1
402.64 0.57 1
411.14 0.93 1
432.26 0.72 1
437.36 0.77 1
447.71 0.58 1
464.51 0.51 1
469.2 0.87 1
473.51 0.93 1
495.69 0.47 1
500.59 0.5 1
514.73 0.69 1
532.27 0.43 1
537.84 0.78 1
543.39 0.81 1
564.62 0.86 1
575.57 1.2 1
602.57 1.86 1
611.82 1.7 1
