7.95 0.59 1
23.08 0.72 1
40.47 1.06 1
49.96 0.48 1
59.89 0.44 1
76.33 0.69 1
86.35 0.4 1
97.22 0.49 1
114.24 0.59 1
122.96 0.35 1
150.63 0.51 1
161.69 0.59 1
185.23 0.96 1
189.83 1.49 1
200.17 0.39 1
220.84 0.53 1
232.36 0.38 1
253.52 0.57 1
258.7 0.59 1
288.71 0.87 1
299.37 0.44 1
320.58 0.7 1
330.88 0.48 1
352.45 0.44 1
361.17 0.61 1
383.17 0.61 1
387.72 1.19 1
398.28 0.85 1
421.09 2.64 1
432.37 0.9 1
487.23 0.45 1
493.22 0.5 1
504.51 1.52 1
526.13 0.77 1
531.97 0.77 1
560.95 0.41 1
571.06 0.64 1
593.29 0.86 1
603.38 0.71 1
