7.19 0.53 1
17.26 0.52 1
38.66 0.55 1
43.66 0.52 1
70.05 0.38 1
79.67 0.49 1
89.33 0.46 1
106.42 0.9 1
116.64 0.5 1
144.62 0.71 1
155.34 0.62 1
171.58 0.75 1
181.17 0.5 1
211.06 0.61 1
222.46 0.48 1
228.48 0.4 1
250.71 0.51 1
262.47 0.66 1
280.24 0.51 1
290.16 0.39 1
299.59 0.62 1
315.47 0.52 1
321.04 0.49 1
332.13 0.7 1
408.13 0.44 1
418.28 0.51 1
428.39 0.49 1
445.13 0.44 1
455.47 0.57 1
467.24 0.55 1
484.23 0.35 1
495.2 0.45 1
506.21 0.43 1
524.04 0.65 1
529.89 0.78 1
535.52 0.95 1
546.81 0.4 1
564.39 0.48 1
580.18 0.47 1
597.83 0.61 1
606.6 0.65 1
615.88 0.49 1
