6.73 0.47 1
16.72 0.41 1
22.02 0.48 1
26.48 1.2 1
44.12 0.61 1
48.41 1.37 1
107.74 1.23 1
117.22 1.08 1
136.75 0.59 1
147.8 0.65 1
157.89 0.5 1
176.3 0.65 1
185.69 0.76 1
196.44 1.6 1
212.38 1.04 1
227.71 1.42 1
242.97 0.64 1
247.07 0.52 1
252.07 0.6 1
280.21 0.81 1
288.69 1.03 1
316.01 1.46 1
321.19 0.51 1
326.58 0.77 1
347.66 0.63 1
351.82 1.36 1
362.52 0.67 1
385.52 0.63 1
389.9 0.89 1
399.85 0.94 1
422.19 0.8 1
433.78 0.94 1
455.64 0.62 1
470.94 1.03 1
525.68 0.68 1
536.29 0.73 1
545.68 2.19 1
560.62 0.88 1
571.57 1.59 1
581.07 0.57 1
598.58 0.74 1
617.9 0.83 1
