12.03 0.51 1
27.18 0.61 1
45.09 0.72 1
55.17 0.75 1
65.35 0.54 1
82.84 0.66 1
99.03 0.59 1
122.65 0.35 1
127.22 0.64 1
138.7 0.7 1
162.17 0.68 1
172.77 0.52 1
193.01 0.56 1
204.02 0.6 1
227.51 0.48 1
242.22 0.5 1
260.82 0.5 1
265.11 0.5 1
275.48 0.5 1
291.22 0.57 1
307.09 0.98 1
325.32 0.46 1
334.5 0.51 1
358.58 0.55 1
369.53 0.48 1
373.82 0.69 1
392.9 0.54 1
401.72 0.56 1
425.12 0.48 1
434.65 0.58 1
458.44 0.61 1
462.68 0.61 1
468.66 0.55 1
490.14 0.53 1
505.56 0.61 1
511.45 0.83 1
565.08 0.54 1
575.19 0.83 1
585.89 0.47 1
602.99 0.58 1
614.44 0.52 1
