6.29 0.76 1
11.72 1.02 1
20.7 1.41 1
43.91 2.34 1
54.43 0.49 1
65.52 0.66 1
83.99 0.7 1
88.63 0.61 1
99.25 0.52 1
121.58 0.59 1
131.01 1.11 1
142.49 0.51 1
157.63 0.78 1
167.62 0.58 1
188.21 1.23 1
197.42 1.02 1
219.68 0.6 1
229.71 0.59 1
238.9 1.12 1
258.47 1.43 1
263.52 0.81 1
274.11 0.72 1
297.06 0.53 1
301.56 0.61 1
311.08 1.07 1
334.42 3.11 1
340.51 0.47 1
351.98 0.61 1
374.93 2.44 1
385.91 0.73 1
407.78 1.76 1
418.32 0.61 1
442.43 0.62 1
447.45 0.57 1
459.02 1.61 1
477.55 1.91 1
494.23 0.53 1
510.83 0.73 1
521.28 1.11 1
580.42 0.39 1
590.46 0.57 1
595.08 0.6 1
