7.97 1.19 1
18.4 3.04 1
22.85 0.87 1
32.74 0.95 1
49.95 1.1 1
65.12 0.98 1
69.82 0.86 1
87.93 0.67 1
98.16 1.31 1
119.61 0.96 1
128.96 1.3 1
151.47 0.73 1
161.59 1.01 1
183.95 0.61 1
193.98 0.93 1
205.52 0.65 1
295.59 0.34 1
301.04 0.92 1
305.12 0.73 1
331.02 0.58 1
335.17 1.29 1
344.45 1.08 1
370.76 0.78 1
380.05 1.6 1
400.39 0.7 1
410.29 0.92 1
420.46 0.53 1
437.08 0.63 1
447.86 0.32 1
453.82 0.34 1
458.89 0.57 1
474.89 0.8 1
485.98 0.7 1
514.09 0.73 1
525.53 0.58 1
546.38 0.69 1
554.92 0.6 1
565.32 0.6 1
589.02 0.55 1
594.6 0.46 1
599.92 1.26 1
