89.84 0.46 1
104.77 0.65 1
122.49 0.77 1
133.58 0.71 1
154.12 0.51 1
159.1 0.75 1
169.68 0.58 1
186.01 0.48 1
200.75 0.52 1
215.88 0.75 1
226.63 0.47 1
237.75 0.37 1
258.77 1.12 1
269.26 0.6 1
290.07 0.75 1
296.08 0.7 1
321.31 1.06 1
335.94 0.96 1
340.46 2.95 1
355.13 1 1
359.43 0.83 1
373.91 0.49 1
390.41 0.51 1
399.9 0.84 1
426.34 0.64 1
438.16 0.38 1
458.1 0.67 1
468.61 0.5 1
491.92 0.73 1
501.72 0.54 1
523.45 0.69 1
529.44 0.55 1
542.79 0.49 1
565.61 0.9 1
575.77 0.42 1
603.89 0.37 1
614.27 0.63 1
618.67 0.56 1
