6.19 0.72 1
11.54 1.16 1
23.29 0.73 1
40.76 0.96 1
49.17 0.8 1
57.51 0.48 1
79.52 0.71 1
90.48 0.83 1
112.38 0.81 1
117.99 0.81 1
142.91 0.86 1
147.65 0.74 1
158.86 0.84 1
176.01 1.35 1
182.04 0.43 1
191.7 0.49 1
208.77 0.84 1
218 1.44 1
241.25 1.23 1
245.47 0.7 1
250 0.76 1
259.72 0.91 1
275.19 1.49 1
279.5 3.05 1
284.8 1.51 1
308.87 0.65 1
317.84 0.98 1
379.86 0.59 1
390.55 0.81 1
412.61 0.55 1
428.24 0.5 1
452.29 0.79 1
466.1 0.66 1
483.7 0.55 1
494.07 0.44 1
504.88 0.7 1
522.6 0.96 1
532.34 0.57 1
543.9 0.95 1
566.8 0.75 1
577.53 0.48 1
594.34 0.52 1
600.01 0.94 1
615.47 1.4 1
