43.72 0.6 1
47.79 0.84 1
57.65 1.92 1
79.37 0.88 1
91.02 0.8 1
114.67 0.6 1
132.09 0.65 1
148.63 0.39 1
159.72 0.56 1
186.02 2.08 1
195.42 1.36 1
218.24 0.74 1
222.66 1.57 1
233.92 1.4 1
256.09 1.57 1
267.35 0.93 1
288.19 0.59 1
298.8 0.8 1
323.24 0.7 1
332.74 0.94 1
356.36 0.75 1
366.33 0.93 1
376.4 1.28 1
394.37 0.97 1
400.46 1.23 1
409.18 0.76 1
431.11 1.17 1
436.13 1.68 1
447.54 0.85 1
470.97 0.84 1
475.91 0.66 1
490.26 0.82 1
511.74 0.52 1
526.62 0.95 1
543.33 1.09 1
553.55 1.29 1
563.16 0.66 1
578.8 0.68 1
589.21 0.59 1
