39.78 1.41 1
45.52 0.8 1
57.08 0.6 1
81.24 1.55 1
86.14 1.43 1
96.73 0.51 1
117.96 0.37 1
134.09 0.57 1
150.13 0.35 1
154.56 0.28 1
171.11 0.65 1
186.59 0.79 1
197.51 0.57 1
218.77 0.83 1
223.01 0.42 1
251.2 0.93 1
257.15 0.45 1
287.89 0.52 1
298.39 0.32 1
315.52 0.57 1
325.91 0.41 1
336.22 0.5 1
353.68 0.33 1
369.18 0.33 1
385.34 0.47 1
390.13 0.37 1
394.8 0.36 1
415.34 1.83 1
425.31 0.65 1
445.76 1.88 1
457.04 0.78 1
467.6 0.65 1
484.64 0.62 1
494.65 0.36 1
500.36 0.43 1
516.7 0.48 1
521.5 0.87 1
530.1 0.42 1
551.19 0.32 1
555.87 0.33 1
569.97 0.35 1
586.96 0.39 1
597.92 0.33 1
607.63 0.36 1
