6.73 0.56 1
10.9 1.44 1
20.24 0.68 1
41.72 0.85 1
52.48 0.83 1
56.91 0.56 1
73.9 0.66 1
79.41 1 1
95.12 1.73 1
112.55 0.48 1
121.87 0.65 1
132.41 1 1
149.32 0.47 1
154.19 0.79 1
166.11 0.6 1
191.21 0.77 1
201.55 0.43 1
217.13 0.64 1
223.17 0.96 1
232.29 0.79 1
255.85 0.49 1
259.97 0.83 1
288.28 0.46 1
298.42 1.06 1
307.87 0.78 1
332.41 0.85 1
344.36 0.65 1
367.57 0.57 1
371.81 1.09 1
382.48 0.46 1
399.14 1.15 1
403.53 0.48 1
409.11 0.43 1
436.13 0.57 1
445.85 0.66 1
468.59 0.69 1
477.4 0.14 1
499.79 0.47 1
505.84 0.71 1
516.88 0.86 1
537.09 0.05 1
547.37 0.68 1
563.51 0.43 1
569.25 0.93 1
579.69 0.69 1
604.04 0.45 1
614.55 0.11 1
