6.53 0.52 1
12.23 0.45 1
27.9 0.45 1
81.8 0.74 1
87.01 0.51 1
96.71 0.42 1
153.95 1.02 1
163.09 0.48 1
191.76 0.47 1
196.44 0.59 1
206.23 0.5 1
226.02 0.46 1
235.12 0.53 1
245.68 0.5 1
262.56 0.45 1
266.89 0.52 1
277 0.48 1
298.89 0.4 1
309.17 0.44 1
331.84 0.53 1
340.76 0.45 1
360.51 0.53 1
365.8 0.6 1
381.15 0.43 1
401.68 0.42 1
411.58 0.48 1
428.68 0.68 1
433.78 0.43 1
443.45 0.41 1
466.06 0.5 1
476.49 0.57 1
498.3 0.41 1
502.62 0.49 1
512.64 0.56 1
533.03 0.5 1
543.42 0.5 1
561.57 0.44 1
567.35 0.48 1
578.39 0.44 1
598.75 0.48 1
614.25 0.45 1
620.1 0.5 1
