6.25 1.15 1
17.42 1 1
39.97 0.91 1
55.58 0.81 1
159.09 0.83 1
170.96 1.33 1
180.76 0.96 1
197.33 1.54 1
209.19 0.75 1
231.79 1.13 1
247.75 0.68 1
269.03 1.48 1
274.04 1.4 1
282.7 1.44 1
299.29 0.69 1
304.69 1.08 1
318.37 1.36 1
334.72 0.8 1
345.18 0.82 1
349.68 0.55 1
353.84 1.22 1
373.09 0.79 1
388.86 2.04 1
413.04 1.58 1
422.85 0.58 1
445.15 0.87 1
449.95 0.8 1
455.31 0.77 1
484.73 1.58 1
496.03 0.46 1
501.78 0.44 1
505.93 0.52 1
521.77 1.87 1
531.02 0.82 1
553.86 0.84 1
564.12 0.59 1
587.2 0.8 1
591.87 1.03 1
607.09 0.76 1
