6.68 1.96 1
16.77 0.76 1
28.32 0.81 1
44.48 0.41 1
54.82 0.35 1
60.26 0.62 1
75.93 0.65 1
85.52 0.79 1
107.78 1.52 1
118.01 0.6 1
145.15 0.92 1
160.44 3.04 1
166.35 0.44 1
187.43 0.45 1
199.13 0.65 1
219.48 0.89 1
224.73 0.45 1
249.29 0.66 1
260.46 0.7 1
281.18 1.14 1
291.94 0.61 1
316.32 0.52 1
321.94 0.96 1
331.02 0.76 1
347.87 1.24 1
362.59 1.46 1
380.28 0.61 1
386.08 0.94 1
395.19 0.37 1
417.66 1.46 1
423.51 0.93 1
431.98 0.82 1
454.69 1.08 1
463.97 1.17 1
485.73 2.12 1
494.84 0.67 1
504.61 0.69 1
521.7 1.18 1
525.77 1.04 1
552.14 0.62 1
563.41 0.59 1
585.16 0.57 1
590.51 0.51 1
