71.58 0.93 1
80.84 0.83 1
85.45 0.62 1
91.25 0.67 1
107.69 0.88 1
117.14 0.65 1
126.35 0.94 1
143.2 0.9 1
152.66 1.31 1
162.21 0.64 1
179.04 1.42 1
183.97 1.16 1
193.92 0.85 1
216.27 0.89 1
224.86 1.4 1
246.37 0.75 1
256.27 1.26 1
282.63 1.06 1
291.27 0.92 1
313.87 0.75 1
325.02 0.71 1
390.09 0.99 1
394.85 1.46 1
403.66 0.82 1
428.44 0.63 1
439.71 0.8 1
449.08 0.68 1
467.19 0.56 1
478.61 0.72 1
489 0.65 1
508.69 0.65 1
513.7 0.56 1
519.36 1.23 1
540.53 1.55 1
551.29 0.67 1
573.78 0.7 1
583.72 1.44 1
588.89 3.03 1
598.54 1.17 1
