5.17 2.97 1
15.97 0.64 1
20.93 1.05 1
26.7 0.59 1
43.84 0.72 1
48.59 1.05 1
58.43 0.8 1
79.13 0.6 1
90.42 1.61 1
112.19 0.89 1
123.43 1.92 1
134.34 0.99 1
151.95 0.52 1
160.94 1.37 1
171.89 0.56 1
189.09 0.76 1
193.46 0.8 1
204.37 1.06 1
220.46 0.91 1
230.5 0.63 1
239.94 0.83 1
259.37 0.38 1
274 0.87 1
292.38 0.45 1
307.09 0.58 1
330.16 1.35 1
340.91 0.48 1
364.36 3.04 1
370.14 1.03 1
385.2 0.49 1
401.64 1.27 1
412.69 0.89 1
421.51 0.71 1
485.43 0.5 1
494.94 0.61 1
517.17 0.64 1
521.51 0.43 1
533.01 0.71 1
557.14 0.41 1
565.53 0.37 1
576.55 0.73 1
594.81 0.33 1
604.64 0.6 1
609.23 0.82 1
