5.66 0.64 1
17.1 0.49 1
45.88 0.75 1
55.08 0.57 1
59.23 0.63 1
74.11 1.08 1
84.58 0.44 1
96.25 0.76 1
114.32 1.5 1
118.5 0.89 1
128.07 0.55 1
153.03 0.76 1
164.19 0.79 1
175.01 0.68 1
192.91 1.09 1
197.59 0.71 1
228.22 0.65 1
238.35 0.95 1
261.7 2.57 1
271.53 2.34 1
282.73 0.87 1
299.83 0.57 1
314.32 0.35 1
333.09 0.43 1
337.44 0.43 1
342.01 0.38 1
373.55 1.4 1
383.4 0.43 1
400.34 0.43 1
411.83 0.69 1
441.79 0.37 1
450.94 0.57 1
470.43 0.44 1
481.14 0.41 1
486.07 0.28 1
490.27 0.58 1
514.98 0.59 1
524.68 0.39 1
529.22 0.41 1
548.39 2.09 1
558.85 0.49 1
568.63 0.62 1
586.19 0.4 1
595.43 0.39 1
