6.06 0.51 1
16.36 0.59 1
40.63 0.57 1
50.09 0.69 1
71.27 1.3 1
80.11 1.16 1
92.06 0.73 1
109.36 1.9 1
118.3 0.57 1
127.97 0.83 1
144.11 0.49 1
149.49 0.42 1
153.56 0.46 1
164.38 0.97 1
180.36 0.46 1
194.85 0.52 1
216.22 0.57 1
227.1 0.44 1
249.47 0.4 1
255.02 0.49 1
264.11 0.61 1
286.41 0.82 1
296.28 0.61 1
320.12 0.45 1
335.53 0.83 1
357.85 0.58 1
368.04 0.93 1
378.3 0.57 1
393.9 0.49 1
398.23 0.38 1
407.3 0.47 1
435.32 0.51 1
445.76 1 1
467.21 1.11 1
476.16 0.94 1
545.64 0.4 1
556.94 0.53 1
566.42 0.47 1
