6.26 0.52 1
11.34 0.87 1
20.5 0.42 1
25.66 0.36 1
42.95 1.07 1
53.63 0.66 1
64.96 0.44 1
82.93 0.89 1
94.03 1.34 1
115.96 1.09 1
125.59 0.38 1
152.54 0.76 1
162.12 1.06 1
183.74 0.65 1
188.53 0.57 1
199.27 0.5 1
221.55 0.92 1
232.08 0.46 1
251.34 0.69 1
256.38 0.64 1
262.21 0.74 1
287.98 0.59 1
303.97 0.39 1
319.63 0.65 1
330 0.43 1
354.01 0.55 1
363.96 0.48 1
390.34 0.96 1
401.94 0.36 1
423.06 0.42 1
431.55 0.35 1
441.06 0.55 1
459.74 0.57 1
469.86 0.57 1
533.39 0.45 1
537.48 0.43 1
547.49 0.39 1
569.14 0.82 1
579.44 0.45 1
590.17 0.36 1
