7.86 0.66 1
19.45 0.71 1
43.15 0.56 1
47.67 0.86 1
56.94 0.65 1
79.71 1.21 1
90.84 0.88 1
102.5 0.53 1
120.18 0.7 1
131.93 0.54 1
143.05 0.66 1
160.33 0.65 1
164.73 0.82 1
169.6 1.25 1
178.37 0.81 1
195.06 0.48 1
204.82 0.8 1
215.18 0.71 1
231.93 0.6 1
237.71 0.66 1
248.56 0.49 1
272.43 0.75 1
276.5 0.99 1
291.43 0.81 1
306.94 1.5 1
316.52 1.25 1
339.57 0.51 1
344.25 0.73 1
354.11 0.74 1
376.75 0.46 1
382.13 0.49 1
386.2 0.58 1
413.66 0.73 1
423.83 0.75 1
433.23 0.49 1
449.92 0.49 1
466.57 0.68 1
490.9 0.84 1
502.7 0.69 1
524.26 0.63 1
533.99 0.69 1
545.75 0.46 1
562.65 0.6 1
567.11 0.5 1
571.93 0.81 1
598.21 0.73 1
612.22 0.56 1
