7.72 0.77 1
13.76 0.66 1
22.67 0.61 1
45.38 0.39 1
55 0.77 1
78.42 0.49 1
88.37 0.59 1
92.49 0.76 1
147.68 0.51 1
156.13 0.63 1
166.41 0.55 1
189.11 0.47 1
215.67 0.34 1
224.47 0.38 1
234.61 0.42 1
253.03 0.35 1
263.02 0.62 1
273.05 0.73 1
291.21 0.56 1
301.8 0.36 1
326.88 0.37 1
336.79 0.4 1
357.35 0.65 1
363.01 0.54 1
367.09 0.52 1
388.42 0.55 1
398.23 0.4 1
407.79 0.64 1
424.48 0.44 1
435.64 0.37 1
444.59 0.85 1
462.8 0.99 1
473.47 0.58 1
500.76 0.81 1
517.1 0.62 1
533.74 0.78 1
538.39 0.72 1
547.83 0.56 1
564.33 0.37 1
568.43 0.37 1
573.61 0.84 1
579.18 0.45 1
598.98 0.55 1
613.95 0.41 1
619.77 0.41 1
