11.16 0.78 1
16.21 0.65 1
20.46 0.99 1
79.98 0.89 1
89.78 0.64 1
99.65 0.71 1
116.41 1.07 1
126.86 0.73 1
147.17 0.74 1
151.36 0.84 1
160.96 0.63 1
176.5 0.79 1
189.93 1.02 1
207.74 0.71 1
212.29 0.84 1
217.79 0.77 1
227.61 0.55 1
245.3 0.88 1
255.66 0.81 1
265.22 0.79 1
282.23 0.78 1
287.89 0.79 1
314.78 0.71 1
325.67 0.9 1
334.34 0.66 1
350.97 0.78 1
359.91 0.57 1
382.08 0.64 1
386.65 0.75 1
401.61 0.93 1
457.33 0.84 1
472.69 0.75 1
489.4 0.81 1
499.18 0.54 1
520.07 0.71 1
534 0.78 1
551.14 0.83 1
557.02 0.74 1
566.88 0.95 1
589.45 0.79 1
594.01 1.28 1
603.82 0.8 1
