6.93 1.42 1
12.77 0.91 1
26.87 0.73 1
93.32 0.71 1
104.65 0.79 1
165.94 0.89 1
177.15 1.33 1
187.09 1.39 1
202.92 0.74 1
212.2 1.13 1
232.9 0.74 1
244.4 1.21 1
266.86 0.75 1
272.08 1.59 1
281.29 0.9 1
299.58 2.15 1
310.26 1.21 1
331.59 0.91 1
340.97 1.64 1
361.8 0.74 1
365.93 0.74 1
379.6 1.07 1
398.35 0.93 1
404.33 1.46 1
433.53 0.79 1
444.85 0.82 1
467.06 0.87 1
478.05 0.83 1
499.87 0.66 1
504.37 1.01 1
509.89 1.01 1
530.97 1.05 1
535.06 0.88 1
548.26 3.02 1
564.26 1.03 1
573.73 0.95 1
602.78 2.68 1
607.94 1.19 1
613.94 0.81 1
