5.61 1.05 1
17.28 0.41 1
26.24 0.63 1
45 0.72 1
55.83 0.53 1
89.96 0.59 1
99.7 0.43 1
121.97 0.53 1
126.76 0.48 1
137.06 0.49 1
159.35 0.49 1
170.21 0.37 1
186.4 1.09 1
195.77 0.89 1
206.63 0.76 1
224.43 0.64 1
228.75 1.05 1
233.07 0.39 1
237.66 1.02 1
260.01 0.62 1
269.48 0.4 1
292.68 0.98 1
306.14 0.53 1
323.1 0.8 1
333.22 0.52 1
357.12 0.45 1
362.58 0.39 1
367.03 0.74 1
398.91 0.44 1
409.58 0.61 1
434.03 0.55 1
444.37 0.39 1
454.51 1.34 1
472.22 0.62 1
483.29 1 1
511.4 0.57 1
521.23 1.14 1
537.16 0.52 1
554.1 0.62 1
570.95 0.61 1
581.83 0.43 1
586.87 0.55 1
604.67 0.82 1
608.98 0.58 1
617.79 0.48 1
