98.95 0.78 1
108.55 1.04 1
130.63 1.24 1
141.16 0.86 1
169.57 0.5 1
175 0.95 1
184.84 0.59 1
206.36 0.86 1
210.49 0.59 1
240.91 0.94 1
249.99 0.98 1
272.39 1.38 1
281.4 0.81 1
285.96 0.79 1
291.06 0.7 1
313.54 1.02 1
325.18 1.36 1
346.42 0.64 1
355.64 0.49 1
378.76 0.85 1
388.62 1.18 1
394.1 2.52 1
409.82 0.64 1
414.58 0.8 1
423.32 0.72 1
448.95 1.23 1
457.99 0.68 1
480.35 0.79 1
484.7 0.79 1
498.8 1.1 1
514.9 1.63 1
524.07 0.95 1
533.84 0.56 1
550.53 1.12 1
561.72 1.08 1
583.37 0.92 1
588.02 1.15 1
597.33 0.67 1
