5.31 1.34 1
15.34 0.56 1
36.73 0.81 1
46.91 0.56 1
66.63 0.65 1
77.27 0.7 1
105.61 1.39 1
111.35 0.83 1
122.21 0.54 1
144.14 0.63 1
150.09 0.59 1
183.95 0.78 1
200.53 0.94 1
217.35 0.61 1
232.37 1.22 1
249.22 0.63 1
255.15 0.74 1
264.75 0.5 1
282.4 0.52 1
292.18 0.53 1
301.9 0.49 1
319.29 0.73 1
324.83 0.79 1
335.31 0.49 1
358.29 0.71 1
363.62 0.75 1
369.32 0.58 1
378.29 0.48 1
393.85 1.49 1
405.57 3.04 1
411.18 0.52 1
420.2 0.54 1
435.96 1.37 1
440.4 0.58 1
449.84 0.51 1
468.53 0.62 1
482.52 0.67 1
488.24 1.18 1
506.29 0.7 1
512.33 0.53 1
522.08 0.69 1
543.43 0.83 1
549.46 0.69 1
563.93 0.66 1
582.7 1.58 1
592.12 0.82 1
603.69 0.91 1
