5.6 0.72 1
16.58 0.54 1
26.4 1.08 1
44.99 0.73 1
55.4 3.11 1
60.07 0.57 1
70.66 0.71 1
89.71 0.67 1
100.4 0.81 1
110.69 0.85 1
129.36 0.68 1
134.46 0.81 1
143.87 0.63 1
167.1 0.43 1
171.37 0.53 1
181.24 0.53 1
205.56 0.8 1
216.29 0.74 1
227.19 0.74 1
244.24 0.88 1
249.14 0.62 1
259.42 0.48 1
282.87 0.79 1
292.37 0.53 1
302.9 0.54 1
320.79 0.62 1
324.97 0.51 1
353.67 0.64 1
358.4 1.09 1
368.06 0.47 1
389.92 1.22 1
395.98 0.72 1
405.83 0.67 1
423.73 1.34 1
428.86 0.77 1
439.8 0.79 1
493.82 0.58 1
503.27 0.53 1
509.12 0.6 1
526.47 0.66 1
537.31 0.9 1
547.09 0.5 1
562.55 0.87 1
572.33 0.7 1
582.37 0.64 1
597.99 0.9 1
607.59 0.62 1
616.73 0.58 1
