5.31 1.44 1
14.37 0.55 1
24.54 0.55 1
41.95 0.67 1
57.74 0.8 1
74.23 1.36 1
85.44 0.65 1
108.03 0.73 1
112.71 0.67 1
141.87 0.59 1
151.96 0.69 1
177.58 2.05 1
188.03 0.65 1
197.65 0.5 1
217.23 0.64 1
221.41 0.51 1
232.11 0.52 1
298.15 1.64 1
303.73 0.74 1
314.37 0.54 1
338.41 0.64 1
349.38 1.75 1
369.64 1.96 1
384.99 0.87 1
400.89 0.63 1
410.4 0.56 1
432.63 1.51 1
442.98 0.43 1
454.54 0.54 1
470.99 1.58 1
476.31 0.79 1
487.03 0.61 1
509.01 1.25 1
520.48 0.68 1
530.66 0.77 1
547.2 1.21 1
556.48 0.56 1
578.62 0.65 1
589.63 0.5 1
