5.22 1.22 1
16.18 1.12 1
38.54 0.82 1
54.58 0.69 1
129.19 0.84 1
133.55 1.16 1
147.64 0.48 1
164.28 0.58 1
169.51 0.79 1
179.47 0.69 1
195.85 0.68 1
210.73 0.98 1
234.1 0.78 1
243.63 1.3 1
267.38 0.76 1
272.96 0.65 1
282.73 0.88 1
306.7 0.85 1
317.2 0.89 1
340.4 0.7 1
350.14 0.94 1
371.31 1.61 1
376.52 1.27 1
386 0.85 1
413.52 0.78 1
439.6 0.73 1
457.26 0.76 1
468.13 1.05 1
489.07 0.63 1
494.74 0.71 1
499.97 0.98 1
508.59 0.87 1
531.62 0.99 1
541.95 0.79 1
562.32 0.73 1
567.25 0.67 1
576.33 0.9 1
599.33 0.81 1
610.64 0.79 1
