7.05 0.58 1
16.32 0.52 1
21.15 0.45 1
25.29 0.92 1
42.7 1.98 1
51.71 0.45 1
60.91 0.44 1
127.1 0.43 1
131.53 0.42 1
137.39 1.38 1
147.64 0.46 1
164.72 0.38 1
169.04 0.41 1
178.98 0.42 1
199.24 0.51 1
209.79 0.38 1
215.71 0.43 1
220.53 0.44 1
236.94 0.65 1
242.95 0.8 1
252.6 0.59 1
311.35 0.48 1
322.44 1.44 1
342.98 0.54 1
348.61 0.45 1
357.31 0.5 1
380.98 0.54 1
391.32 1.02 1
401.72 0.41 1
417.26 0.43 1
422.31 0.69 1
427.68 0.43 1
454.45 0.85 1
464.32 1.14 1
484.5 2.12 1
494.81 0.45 1
515.65 0.45 1
526.39 0.49 1
535.46 0.62 1
550.83 0.67 1
561.39 0.65 1
571.2 0.44 1
589.31 0.45 1
598.54 0.42 1
