12.08 1.47 1
20.64 0.67 1
38.55 0.72 1
47.79 0.93 1
75.01 0.58 1
85.43 0.45 1
112.15 0.93 1
123.83 0.72 1
127.95 0.64 1
144.91 1 1
154.6 0.91 1
164.5 0.61 1
179.54 0.67 1
184.5 0.99 1
195.92 0.66 1
201.65 0.55 1
218.4 0.73 1
227.04 1.06 1
238.6 1.23 1
255.43 0.73 1
259.74 0.99 1
270.58 1.01 1
291.2 0.78 1
295.98 1.11 1
309.69 0.74 1
327.75 0.94 1
339.7 1.25 1
363.21 2.09 1
368.92 1.17 1
378.58 0.59 1
384.57 0.68 1
401.31 1.29 1
405.58 0.83 1
416.11 0.86 1
443.99 0.92 1
454.33 0.61 1
460.12 0.76 1
477.26 1.94 1
490.89 1.13 1
514.64 0.85 1
525.28 0.62 1
536.94 0.64 1
553.04 0.82 1
562.5 1.03 1
587.99 0.75 1
592.51 0.56 1
607.67 0.89 1
