5.4 0.52 1
14.49 0.59 1
36.71 0.61 1
42.34 0.45 1
53.44 0.36 1
80.67 0.37 1
91.35 0.6 1
113.22 0.63 1
118.59 0.39 1
123.03 1.34 1
184.17 0.28 1
188.62 0.27 1
221.67 0.31 1
232.64 0.31 1
253.34 0.45 1
264.2 0.29 1
274.2 2.71 1
291.68 0.72 1
302.73 0.32 1
323.27 1.46 1
333.98 1.25 1
356.81 0.33 1
368.65 0.41 1
378.34 0.46 1
395.66 0.29 1
405.05 0.39 1
409.17 0.52 1
425.33 0.44 1
434.25 0.32 1
445.09 0.45 1
462.69 0.55 1
472.92 0.41 1
497.29 0.33 1
507.58 0.7 1
518.46 0.33 1
536.91 0.32 1
546.43 0.34 1
555.43 0.39 1
573.54 0.29 1
582.85 0.43 1
609.55 0.32 1
618.13 0.75 1
624.07 0.79 1
