7.07 0.85 1
16.06 0.57 1
20.44 0.42 1
36.57 0.75 1
41.58 0.91 1
52.17 0.85 1
77.5 1.26 1
88.14 0.85 1
110.06 0.89 1
114.57 0.89 1
125.52 0.94 1
149.25 0.66 1
153.85 0.69 1
157.9 0.59 1
221.92 0.39 1
227.12 0.48 1
232.11 1.08 1
258.01 2 1
274.49 0.66 1
291.19 0.63 1
302.25 0.68 1
325.79 0.52 1
335.29 0.63 1
356.46 1.7 1
365.89 0.52 1
389.96 0.89 1
399.37 0.71 1
428.06 1.62 1
442.5 0.37 1
459.65 0.39 1
464.39 0.54 1
481.89 0.79 1
499.11 1.59 1
504.56 1.17 1
532.12 0.72 1
537.3 0.4 1
565.32 0.56 1
576.57 0.41 1
600.31 0.71 1
605.33 0.46 1
615.91 0.4 1
