7.05 0.68 1
11.79 0.91 1
40.23 0.46 1
50.77 0.55 1
77.51 1.23 1
88.31 0.77 1
104.14 0.54 1
113.89 0.92 1
122.98 0.68 1
141.13 0.81 1
145.32 0.69 1
171.81 0.61 1
177.44 0.55 1
188.55 1.2 1
192.78 0.75 1
210.4 0.9 1
219.78 0.49 1
241.74 0.9 1
246.33 0.92 1
255.41 1.04 1
271.68 0.88 1
282.02 0.5 1
290.88 0.65 1
307.7 0.62 1
323.41 0.84 1
327.71 0.49 1
344.28 0.79 1
354.62 1.17 1
382.66 0.66 1
391.34 1.04 1
397.21 0.98 1
416.57 0.57 1
425.57 0.48 1
446.8 0.64 1
456.75 1.84 1
482.93 0.52 1
508.28 0.73 1
512.52 0.71 1
522.24 0.56 1
546.51 0.87 1
551.54 0.63 1
561.82 0.51 1
583.52 0.6 1
594.33 0.62 1
