7.85 0.7 1
12.19 2.22 1
22.41 0.88 1
45.46 0.68 1
55.49 0.74 1
64.21 0.97 1
81.68 0.85 1
92.71 0.7 1
120.46 0.97 1
131.37 0.85 1
149.85 0.63 1
155.02 0.77 1
165.8 1.07 1
189.02 0.84 1
194.47 0.61 1
199.77 0.98 1
225.95 0.64 1
231.02 0.76 1
241.95 0.68 1
258.13 0.55 1
266.72 0.52 1
277.17 0.48 1
295.25 0.6 1
305.06 0.47 1
309.78 0.56 1
327.37 0.67 1
332.96 0.8 1
343.06 0.62 1
364.64 0.76 1
375.67 0.67 1
397.05 0.89 1
406.07 0.53 1
412 0.5 1
417.69 0.4 1
433.93 0.5 1
443.46 1.09 1
464.43 0.53 1
473.96 0.52 1
495.69 0.46 1
501.69 0.43 1
510.85 2.41 1
563.15 0.6 1
568.32 0.61 1
595.12 0.62 1
605.3 0.87 1
615.55 0.58 1
