5.75 0.72 1
16.09 0.56 1
41.39 0.55 1
50.89 0.54 1
68.43 1.17 1
73.51 0.65 1
79.46 0.49 1
89.83 0.46 1
105.57 0.67 1
115.21 0.95 1
124.73 0.64 1
140.05 0.62 1
149.53 0.67 1
159.55 0.43 1
176.43 2.14 1
181.18 1.03 1
189.65 0.52 1
194.32 0.62 1
212.63 0.76 1
218.51 0.77 1
228.61 0.55 1
252.9 0.51 1
262.61 0.47 1
284.98 1.24 1
294.63 0.61 1
304.55 0.67 1
320.97 0.64 1
325.09 1.26 1
340.04 0.61 1
358.18 1.24 1
367.73 1.56 1
389.36 3.04 1
393.53 0.72 1
401.84 3.04 1
406.98 1.04 1
417.65 0.54 1
510.78 0.81 1
516.59 0.63 1
531.91 0.47 1
549.92 0.7 1
554.85 0.62 1
565.94 0.46 1
587.15 1.36 1
596.86 0.53 1
607.39 0.51 1
