6.79 0.85 1
11 0.43 1
25.74 0.35 1
43.22 0.68 1
55.17 0.61 1
78.35 0.71 1
83.74 0.39 1
97.74 0.43 1
115.21 0.43 1
125.45 0.87 1
135.26 0.47 1
152.65 0.91 1
158.42 0.61 1
168.58 0.48 1
186.97 1.19 1
195.81 0.91 1
219.96 1.81 1
230.15 1.21 1
286.18 0.72 1
296.24 0.83 1
318.55 0.64 1
333.1 0.65 1
349.64 1.1 1
360.32 0.9 1
368.98 1.57 1
385.06 0.49 1
395.26 0.39 1
405.5 0.41 1
421.39 0.45 1
431.1 0.42 1
452.28 0.73 1
461.4 0.98 1
485.82 0.51 1
490.23 1.27 1
500.54 0.76 1
523.44 0.55 1
534.11 0.85 1
556.03 0.68 1
560.12 0.98 1
565.5 0.52 1
