5.32 0.76 1
10.08 0.8 1
20.51 0.5 1
40.15 0.56 1
49.45 0.49 1
59.54 1.21 1
77.99 0.64 1
86.53 0.9 1
107.77 0.52 1
116.68 0.75 1
138.05 0.55 1
142.81 0.54 1
153.17 0.45 1
177.61 0.49 1
189.14 0.72 1
198.72 0.5 1
251.46 0.45 1
260.82 0.6 1
266.14 0.44 1
271.19 0.35 1
288.22 0.52 1
298.15 0.46 1
307.68 0.56 1
324.57 0.52 1
339.95 0.49 1
358.3 0.48 1
362.49 0.59 1
397.68 0.45 1
407.64 0.55 1
431.33 0.52 1
435.82 0.47 1
440.46 0.42 1
466.1 0.71 1
471.09 1.23 1
480.78 0.76 1
501.82 0.67 1
511.68 0.46 1
534.47 0.71 1
544.18 0.5 1
555.78 0.47 1
571.76 0.66 1
583.61 0.56 1
592.67 0.52 1
