5.95 0.7 1
15.37 0.42 1
44.73 0.55 1
53.5 0.95 1
63.33 0.59 1
81.54 0.78 1
91.51 0.92 1
102.04 0.69 1
119.5 0.52 1
123.72 0.62 1
134.22 0.59 1
151.69 0.54 1
160.98 0.92 1
170.69 0.68 1
186.62 0.62 1
191.66 0.59 1
224.01 2.3 1
233.89 0.96 1
255.18 0.65 1
260.89 0.61 1
266.92 0.72 1
276.67 0.84 1
292.07 0.51 1
296.13 0.71 1
310.7 0.67 1
327.5 0.59 1
336.5 0.61 1
402.11 0.57 1
406.93 0.89 1
417.52 0.86 1
433.99 0.63 1
443.1 1.24 1
466.66 0.75 1
477.37 0.58 1
497.46 0.52 1
502.96 0.62 1
512.46 0.63 1
534.79 0.64 1
543.54 0.8 1
565.27 1.66 1
579.38 1.97 1
600.5 0.53 1
610.29 0.82 1
