5.33 0.76 1
10.95 0.77 1
27 0.76 1
41.83 1.04 1
50.32 0.69 1
74.48 0.62 1
85.15 0.82 1
111.76 0.49 1
122.89 1.03 1
133.65 0.89 1
151.42 0.66 1
156.78 0.74 1
165.69 0.72 1
187.05 0.46 1
197.57 0.71 1
224 1.14 1
229.63 0.71 1
234.15 0.97 1
264.71 0.54 1
269.91 0.8 1
281.65 0.65 1
298.8 0.78 1
308.48 0.65 1
312.85 0.91 1
316.97 1.4 1
332.44 0.64 1
343.15 0.84 1
353.19 0.77 1
370.3 0.45 1
378.6 1.11 1
389.07 0.85 1
406.48 0.9 1
417.97 0.47 1
422.51 1.18 1
427.01 1.17 1
444.66 0.87 1
449.59 0.66 1
454.2 0.68 1
477.91 0.87 1
487.97 0.82 1
515.38 1.54 1
526.31 0.68 1
542.64 1.43 1
553.64 1.55 1
575.82 0.41 1
580.78 0.87 1
591.02 0.84 1
