7.14 1.32 1
11.28 0.95 1
22.6 0.89 1
43.74 1.13 1
49.68 0.69 1
64.25 0.83 1
118.91 0.43 1
128.13 0.53 1
150.56 0.58 1
155.3 0.97 1
164.6 1.21 1
185.86 0.75 1
196.31 0.49 1
217.83 0.39 1
223.35 1.01 1
232.49 0.46 1
251.27 0.73 1
260.18 0.62 1
281.58 0.45 1
291.41 0.68 1
302.01 0.45 1
318.78 1.46 1
334.48 0.52 1
351.03 0.65 1
361.15 0.78 1
381.6 0.71 1
385.98 0.84 1
390.73 0.7 1
411.86 0.55 1
417.51 0.38 1
421.71 0.5 1
451.16 1.09 1
455.42 1.02 1
465.76 0.78 1
482.28 0.96 1
486.38 0.73 1
497.58 1.14 1
517 0.47 1
522.57 1.15 1
532.79 0.77 1
555.03 0.61 1
560.18 0.96 1
570.43 0.76 1
593.28 1.01 1
597.73 1.53 1
606.43 0.69 1
