6.76 0.66 1
12.06 0.48 1
41.49 0.37 1
47.1 0.53 1
52.34 0.57 1
80.8 0.62 1
91.37 0.62 1
113.85 0.68 1
123.63 0.64 1
128.79 0.99 1
146.33 0.85 1
150.38 0.55 1
155.03 0.7 1
164.06 0.7 1
180.08 1.5 1
189.04 0.51 1
249.78 0.93 1
266.07 0.7 1
288.04 0.49 1
293.11 0.66 1
297.89 0.52 1
318.67 0.93 1
328.42 0.53 1
349.68 0.66 1
355.56 0.61 1
360.14 0.51 1
387.33 1.15 1
397.83 0.77 1
409.28 0.96 1
428.3 0.49 1
437.92 0.57 1
459.12 0.53 1
465.05 0.53 1
475.59 0.68 1
492.11 1.12 1
508.77 1.38 1
531.22 1.47 1
541.67 0.59 1
563.12 0.69 1
567.85 0.59 1
578.05 0.49 1
603.63 0.84 1
613.24 1.44 1
