5.38 1.21 1
15.32 0.58 1
38.78 1.91 1
47.8 0.92 1
52.93 0.83 1
69.67 0.6 1
73.85 0.9 1
90.38 0.65 1
106.48 0.72 1
117.71 0.58 1
128.91 2.43 1
147.66 1.26 1
156.68 0.75 1
185.51 0.74 1
200.72 1.29 1
217.27 0.71 1
221.43 2.52 1
235.18 0.96 1
258.51 2.09 1
268.59 0.72 1
290.01 1.69 1
294.27 1.8 1
320.85 1.49 1
331.88 1.81 1
342.52 1.5 1
360.74 1.41 1
365.92 1.06 1
391.94 0.64 1
401.75 0.96 1
426.58 0.88 1
441.64 1.4 1
447.41 1.23 1
464.07 1.51 1
475.21 0.84 1
498.01 0.67 1
503.81 1.01 1
520.8 1.32 1
537.51 1.85 1
547.23 1.48 1
552.89 0.91 1
557.9 1.39 1
580.38 2.21 1
596.07 1.33 1
