5.66 0.75 1
10.59 0.8 1
20.57 0.87 1
40.12 1.8 1
50.84 0.74 1
60.28 0.59 1
76.9 0.67 1
82.11 0.71 1
92.11 0.74 1
113.1 0.6 1
129.61 0.74 1
145.56 1.49 1
155.84 0.55 1
179.71 0.68 1
189.46 0.79 1
212.66 0.64 1
222.84 0.73 1
232.89 0.83 1
250.23 0.55 1
255.06 1.21 1
282.42 1.47 1
287.66 0.8 1
297.43 0.49 1
320.51 0.72 1
336.62 0.68 1
354.38 0.57 1
365.16 0.54 1
388.29 1.69 1
392.73 1.85 1
401.59 0.84 1
424.6 2.63 1
434.93 0.64 1
460.49 1.31 1
469.91 0.52 1
491.09 1.66 1
501.49 0.79 1
512 0.9 1
530.57 0.52 1
535.29 0.65 1
550.77 0.82 1
566.54 1.13 1
577.29 0.61 1
598.71 1.44 1
609.11 0.81 1
