10.12 0.54 1
15.13 0.52 1
21.16 1.39 1
43.24 0.61 1
48.42 1.54 1
59.32 0.57 1
85.84 0.45 1
101.55 0.99 1
119.4 0.68 1
124.36 1.19 1
150 0.45 1
159.53 1.18 1
169.36 0.74 1
185.13 1.62 1
201.09 0.73 1
216.41 0.5 1
226.75 0.44 1
232 0.4 1
236.32 1.01 1
253.02 0.32 1
258.05 0.36 1
262.84 0.62 1
288.78 0.71 1
294.5 0.69 1
309.5 0.6 1
327.75 0.72 1
332.13 0.56 1
343.81 0.62 1
366.14 0.69 1
370.66 2.68 1
379.41 0.97 1
402.03 0.48 1
410.74 0.65 1
432.27 0.65 1
437.74 0.57 1
471.11 0.4 1
487.33 0.73 1
503.92 0.73 1
513.32 0.94 1
535.93 0.52 1
541.42 0.71 1
557.03 0.22 1
575.6 0.12 1
584.13 0.65 1
