5.2 0.75 1
16.69 0.8 1
37.82 0.36 1
43.04 0.68 1
47.22 0.58 1
69.23 0.54 1
79.23 0.6 1
89.62 0.77 1
106.56 0.43 1
110.67 0.67 1
115.22 0.47 1
124.33 0.8 1
141.63 0.38 1
152.33 0.61 1
161.07 0.32 1
179.41 0.32 1
184.89 0.4 1
200.97 0.65 1
217.35 0.61 1
229.03 0.63 1
234.67 0.61 1
239.67 0.43 1
256.8 0.56 1
261.54 0.48 1
287.52 0.37 1
297.75 0.38 1
322.13 0.62 1
328.12 0.63 1
337.54 0.7 1
357.79 0.73 1
369.55 0.6 1
391 0.57 1
401.72 1.03 1
426.01 0.6 1
430.21 0.87 1
445.54 0.53 1
469 0.75 1
479.69 0.65 1
502.31 1.01 1
512.12 0.82 1
534.36 0.41 1
546.17 0.31 1
556.14 0.79 1
572.68 0.9 1
588.23 0.7 1
