7.52 0.51 1
12.64 0.72 1
21.81 0.58 1
42.84 0.41 1
54.15 0.5 1
83.13 1.62 1
91.93 0.31 1
113.73 0.42 1
119.64 0.54 1
130.14 0.49 1
148.16 1.37 1
152.76 0.71 1
179.17 0.45 1
189.93 0.45 1
211.94 0.43 1
221.06 0.39 1
244.2 0.43 1
258.47 0.31 1
279.23 0.43 1
289.14 0.44 1
312.72 0.41 1
327.45 0.3 1
345.71 0.89 1
354.42 0.51 1
376.28 1.8 1
382.23 0.76 1
392.23 0.45 1
414.48 0.39 1
425.59 0.26 1
447.49 0.41 1
457.66 0.37 1
468.58 0.32 1
489.98 3.04 1
495.08 0.74 1
505.33 0.45 1
529.16 0.4 1
534.97 0.69 1
550.1 0.69 1
567.97 0.46 1
572.84 0.34 1
578.13 0.33 1
600.48 1.14 1
611.35 0.62 1
