12.3 0.78 1
22.96 0.46 1
45.62 2.58 1
56.06 0.97 1
79.79 0.73 1
85.42 0.8 1
101.83 1.12 1
121.24 2.48 1
133.09 0.97 1
157.68 1.02 1
167.99 1.68 1
188.3 2.46 1
199.47 1.11 1
230.45 0.75 1
241.26 0.6 1
247 0.67 1
252.13 0.74 1
269.32 0.7 1
283.52 0.57 1
306.7 0.6 1
312.75 0.54 1
340.49 0.87 1
351.99 0.54 1
373.92 2 1
390.52 1.17 1
396.43 0.61 1
412.22 0.76 1
422.11 0.59 1
445.35 0.88 1
456.94 0.46 1
465.87 0.46 1
488.47 0.47 1
498.1 0.65 1
513.51 0.73 1
522.98 0.62 1
544.29 0.73 1
550.15 0.52 1
555.36 1.19 1
566.31 0.44 1
