6.08 0.86 1
10.95 0.89 1
15.02 0.82 1
35.42 0.73 1
45.39 0.88 1
55.75 0.82 1
78.59 0.75 1
88.66 1.09 1
106.34 0.75 1
111.58 1.25 1
127.12 1.08 1
143.82 1.05 1
157.38 0.57 1
181.18 0.96 1
189.78 1.74 1
200.43 1.72 1
216.83 0.68 1
221.16 1 1
250.25 0.78 1
261.28 1.27 1
272.19 0.91 1
296.46 0.95 1
300.87 0.83 1
306.69 0.85 1
326.58 1.14 1
330.79 1.04 1
340.96 0.51 1
362.19 1.02 1
370.73 2.04 1
429.13 0.75 1
440.47 1 1
463.65 3.04 1
468.6 1.15 1
473.21 1.35 1
483.63 0.67 1
506.1 2.52 1
514.57 1.22 1
535.86 0.69 1
546.23 1.03 1
566.26 0.63 1
577.45 1.02 1
587.2 0.65 1
603.45 0.89 1
614.23 0.97 1
