7.68 0.62 1
16.91 0.53 1
40.03 0.45 1
49.96 0.56 1
73.3 0.53 1
83.14 0.41 1
104.39 0.48 1
114.24 0.5 1
124.48 0.55 1
139.26 0.49 1
148.05 0.42 1
170.99 0.62 1
175.78 0.49 1
181.18 0.51 1
208.35 0.39 1
224.24 0.41 1
229.36 0.42 1
245.72 0.42 1
255.66 0.38 1
277.86 0.39 1
288.4 0.43 1
311.94 0.44 1
320.91 0.59 1
330.89 0.44 1
348.67 0.54 1
358.61 0.43 1
379.31 0.43 1
389.67 0.43 1
399.52 0.82 1
415.99 0.44 1
425.49 0.42 1
435.26 0.34 1
453.35 0.75 1
464.09 0.44 1
473.83 0.46 1
491.21 0.36 1
496.93 0.37 1
524.86 0.54 1
530.14 0.44 1
540.3 0.42 1
557.44 0.45 1
563.1 0.41 1
574.77 0.44 1
592.77 0.54 1
603.27 0.41 1
607.47 0.44 1
612.8 0.53 1
