6.19 1.03 1
23.21 0.47 1
29.09 0.52 1
46.69 0.71 1
57.01 0.63 1
82.95 0.54 1
87.46 0.42 1
93.59 0.49 1
121.19 1.24 1
131.35 0.56 1
154.03 1.03 1
159.85 0.53 1
169.44 0.53 1
191.33 1.26 1
201.86 0.49 1
222.95 0.46 1
227.24 0.53 1
254.07 0.93 1
265.58 1.13 1
292.19 0.72 1
301.46 0.73 1
306.97 0.75 1
326.51 0.85 1
332.18 0.8 1
393.94 0.55 1
404.34 0.51 1
427.66 0.62 1
439.24 0.42 1
448.32 0.74 1
464.2 0.7 1
469.25 0.4 1
480.67 1.05 1
504.54 0.69 1
510.47 0.63 1
521.31 0.83 1
543.52 0.74 1
554.05 0.64 1
565.38 0.47 1
583.1 0.54 1
594.21 0.65 1
