5.26 2.13 1
15.21 1.37 1
36.98 0.6 1
47.23 0.6 1
69.12 0.65 1
79.07 1.08 1
89.8 0.9 1
105.8 0.82 1
116.36 1.18 1
139.01 0.65 1
143.99 1.58 1
153.98 0.95 1
171.51 2.1 1
186.93 0.65 1
203.96 0.77 1
208.33 0.75 1
213.77 0.73 1
242.98 0.79 1
247.97 1.04 1
277.06 0.91 1
287.06 0.88 1
312.41 0.68 1
317.77 0.96 1
322.41 2.06 1
345.26 0.75 1
354.89 1.2 1
363.38 0.81 1
381.2 0.7 1
396.81 2.52 1
402.77 1.35 1
419.36 0.8 1
435.08 1.07 1
451.2 0.79 1
461.94 0.92 1
473.51 0.73 1
491.93 0.72 1
497.04 0.71 1
510.97 0.81 1
529.22 0.84 1
534.55 0.86 1
539.76 0.6 1
563.72 0.91 1
574.93 0.98 1
580.31 0.58 1
598.51 1.08 1
614.63 1.04 1
