6.73 0.72 1
11.22 1.45 1
21.93 0.68 1
44.23 0.56 1
54.12 0.68 1
64.28 0.72 1
81.42 0.44 1
87.08 0.67 1
97.71 0.76 1
123.03 0.42 1
133.03 0.65 1
156.44 0.78 1
165.91 0.54 1
175.52 0.56 1
192.69 0.69 1
202.99 0.86 1
212.24 0.52 1
229.96 0.62 1
235.05 0.53 1
244.33 0.78 1
271.31 0.61 1
282.03 0.77 1
299.36 0.61 1
313.11 0.56 1
335.48 0.75 1
346.36 0.49 1
351.26 0.81 1
404.97 1.06 1
409.4 2.28 1
418.82 0.8 1
439.57 0.75 1
444.13 0.67 1
473.75 0.67 1
478.44 1.18 1
489.36 0.65 1
509.95 0.72 1
519.69 0.55 1
541.09 1.65 1
550.51 1.08 1
571.2 0.53 1
580.42 0.64 1
604.39 0.46 1
614.75 0.73 1
626.39 0.82 1
