41.89 0.7 1
57.47 0.67 1
61.87 0.75 1
77.67 0.65 1
86.49 0.85 1
97.48 0.86 1
113.74 0.77 1
122.9 0.9 1
134.36 0.69 1
155.83 0.74 1
166.26 0.94 1
186.54 1.12 1
195.97 1.19 1
206.56 0.62 1
319.53 0.74 1
328.11 1.33 1
351.1 1.3 1
361.04 1.6 1
382.41 1.68 1
387.89 1.55 1
397.11 1.06 1
412.61 0.7 1
423.03 0.88 1
433.24 0.69 1
450.36 1.35 1
465.62 0.8 1
481.35 0.77 1
492.92 1.15 1
513.68 1.62 1
523.68 0.84 1
528 1.1 1
532.78 1 1
550.58 0.74 1
556.41 2.35 1
565.35 1.27 1
587.35 3.04 1
591.99 0.35 1
603.05 0.81 1
