7.45 0.42 1
12.08 0.64 1
21.91 0.58 1
44.37 0.68 1
55.34 0.53 1
77.46 0.58 1
87.29 0.54 1
109.97 0.54 1
121.28 0.46 1
131.26 0.48 1
152.93 0.54 1
167.19 0.5 1
216.08 0.37 1
220.84 0.45 1
231.37 0.54 1
254.02 0.47 1
259.17 0.54 1
273.78 0.62 1
289.13 0.46 1
299.1 0.57 1
359.83 0.37 1
369.58 0.44 1
379.55 0.55 1
395.85 0.49 1
400.13 0.49 1
416.21 0.59 1
433.06 0.48 1
443.68 0.51 1
464.94 0.46 1
474.41 0.51 1
496 0.51 1
500.74 0.62 1
512.32 0.69 1
528.01 0.54 1
536.83 0.47 1
559.29 0.61 1
567.51 0.65 1
