6.6 3.05 1
12.13 2.38 1
38.48 1.73 1
63.08 0.94 1
68.14 1.41 1
78.17 3.04 1
82.25 0.81 1
105.34 0.83 1
120.36 0.51 1
138.3 1.02 1
148.46 1.23 1
176.8 1.33 1
191.83 0.48 1
208.61 1.12 1
213.73 0.94 1
225.51 1.05 1
247.66 2.79 1
257.25 1.81 1
278.22 1.61 1
292.71 0.96 1
297.41 1.11 1
315.94 1.33 1
326.73 1.34 1
357.99 1.26 1
368.88 1.13 1
374.31 0.53 1
390.46 0.92 1
395.92 1.47 1
425.24 0.99 1
430.83 1.04 1
457.69 0.96 1
468.94 0.96 1
489.89 0.6 1
505.94 1.14 1
522.46 0.79 1
538.25 0.77 1
555.1 0.92 1
565.56 0.59 1
585.84 0.96 1
595.89 0.9 1
601.6 1.09 1
605.97 1.39 1
