7.64 0.71 1
12.21 0.91 1
41.7 0.61 1
47.61 0.5 1
52.44 0.73 1
63.05 0.59 1
80.79 0.6 1
91.18 0.76 1
113.78 0.48 1
128.35 0.4 1
145.23 1.03 1
155.21 0.57 1
245.58 0.55 1
249.73 0.52 1
254.92 0.66 1
266.51 0.77 1
282.45 0.53 1
292.14 0.64 1
302.33 0.6 1
319.86 0.41 1
328.83 0.64 1
352.1 1.24 1
356.89 0.66 1
367.48 0.7 1
391.19 0.42 1
395.36 0.74 1
405.17 0.73 1
425.65 0.88 1
430.82 0.64 1
457.04 0.64 1
461.81 0.43 1
466.12 0.62 1
471.81 0.51 1
492.51 0.9 1
498.24 0.43 1
503.37 0.46 1
526.25 0.61 1
531.17 0.85 1
535.53 2.18 1
555.28 1.63 1
564.42 0.86 1
575.16 0.7 1
594.3 1.04 1
603.42 0.51 1
