5.31 0.55 1
9.77 0.44 1
14.28 0.45 1
23.08 0.4 1
41.27 0.43 1
52.28 0.65 1
61.16 0.59 1
79.6 0.39 1
84.35 0.43 1
93.09 0.36 1
115.51 0.38 1
126.67 0.47 1
138.08 1.37 1
157 0.4 1
162.88 0.46 1
172.1 0.49 1
196.68 0.4 1
200.8 0.81 1
227.06 0.5 1
232.06 0.42 1
242 1.05 1
262.66 0.58 1
267.15 0.49 1
276.23 0.48 1
298.78 0.44 1
303.96 0.44 1
313.13 0.4 1
334.94 0.41 1
344.24 0.42 1
349.23 0.37 1
365.94 0.48 1
370.7 0.44 1
381.16 0.93 1
403.83 0.36 1
408.21 0.41 1
417.92 0.45 1
479.19 0.58 1
488.97 0.41 1
505.91 0.37 1
511.37 0.4 1
520.39 0.36 1
543.87 0.48 1
553.85 0.37 1
575.32 0.5 1
580.2 0.49 1
584.58 0.41 1
