6.71 0.81 1
17.77 0.71 1
39.35 1.45 1
43.92 0.91 1
59.39 1.07 1
76.41 0.86 1
86.16 0.93 1
96.6 0.84 1
114.73 0.85 1
120.76 1.03 1
130.96 0.66 1
155.41 1.86 1
160.45 0.91 1
164.64 1.03 1
186.19 0.89 1
196.26 0.54 1
205.17 1.1 1
222.8 0.91 1
227.82 0.73 1
242.46 0.78 1
258.93 0.79 1
272.66 0.75 1
288.76 1.16 1
293.84 0.81 1
298.79 0.84 1
325.76 0.7 1
330.86 0.85 1
341.33 0.9 1
358.31 0.8 1
364.05 0.73 1
375.35 1.09 1
399.14 0.8 1
404.94 1.03 1
415.86 0.59 1
432.63 0.59 1
437.61 0.57 1
449.09 0.62 1
563.67 0.78 1
572.44 0.86 1
594.32 0.87 1
605.58 0.67 1
