6.71 0.81 1.78
17.77 0.71 -0.22
39.35 1.45 -0.22
43.92 0.91 -0.22
59.39 1.07 -0.22
76.41 0.86 -0.22
86.16 0.93 -0.22
96.6 0.84 -0.22
114.73 0.85 1.78
120.76 1.03 0.78
130.96 0.66 -0.22
155.41 1.86 -0.22
160.45 0.91 -0.22
164.64 1.03 -0.22
186.19 0.89 1.78
196.26 0.54 -0.22
205.17 1.1 -0.22
222.8 0.91 -0.22
227.82 0.73 -0.22
242.46 0.78 -0.22
258.93 0.79 -0.22
272.66 0.75 -0.22
288.76 1.16 -0.22
293.84 0.81 -0.22
298.79 0.84 -0.22
325.76 0.7 -0.22
330.86 0.85 -0.22
341.33 0.9 -0.22
358.31 0.8 -0.22
364.05 0.73 -0.22
375.35 1.09 -0.22
399.14 0.8 -0.22
404.94 1.03 -0.22
415.86 0.59 -0.22
432.63 0.59 -0.22
437.61 0.57 -0.22
449.09 0.62 -0.22
563.67 0.78 1.78
572.44 0.86 -0.22
594.32 0.87 -0.22
605.58 0.67 -0.22
