6.25 0.7 1.85
16.16 0.74 -0.15
40.43 0.57 -0.15
51.48 0.55 -0.15
79.59 0.48 -0.15
94.66 0.47 -0.15
117.81 0.57 -0.15
122.86 0.43 -0.15
127.95 0.79 -0.15
150.36 1.14 -0.15
160.5 0.51 -0.15
171.94 0.62 -0.15
190.95 0.67 -0.15
195.46 0.7 -0.15
206.13 0.81 -0.15
232.53 0.4 -0.15
261.9 0.53 -0.15
271.87 0.59 -0.15
283.24 0.66 -0.15
299.56 1.57 1.85
313.65 0.8 -0.15
331.91 0.75 1.85
341.67 0.7 -0.15
352.88 0.48 -0.15
370.72 0.91 -0.15
375.99 1 -0.15
386.59 0.78 -0.15
407.9 0.64 -0.15
413.23 0.48 -0.15
445.65 0.53 -0.15
460.92 0.77 -0.15
477.38 0.58 -0.15
489.12 0.51 -0.15
500.61 0.7 -0.15
517.19 3.11 -0.15
522.66 0.54 -0.15
528.73 0.59 -0.15
533.13 0.66 -0.15
597.34 0.74 -0.15
603.42 0.93 -0.15
615.05 0.43 -0.15
