7.06 1.39 -0.29
11.94 0.66 -0.29
16.91 0.6 -0.29
21.28 0.54 -0.29
47.13 0.81 -0.29
55.64 0.68 -0.29
76.99 0.56 -0.29
105.26 1.17 1.71
115.7 0.85 -0.29
139.26 2.98 -0.29
148.63 1.09 -0.29
171.66 1.4 -0.29
187.15 0.56 -0.29
206.13 1.14 1.71
217.1 1.85 -0.29
239.63 0.8 -0.29
249.43 1.08 -0.29
272.72 0.75 -0.29
284.38 1.23 -0.29
389.93 0.75 1.71
399.8 0.76 -0.29
411.19 0.76 -0.29
430.53 0.95 -0.29
441.06 0.71 -0.29
452.01 0.78 -0.29
470.55 0.83 1.71
482.35 0.64 -0.29
504.87 0.89 -0.29
509.84 0.63 -0.29
520.41 0.73 -0.29
542.88 0.7 1.71
553.88 0.8 -0.29
575.96 0.68 -0.29
581.14 0.75 -0.29
596.21 0.93 -0.29
