7.22 0.57 1.71
17.51 0.27 -0.29
27.28 0.36 -0.29
45.02 0.91 -0.29
55.59 0.34 -0.29
65.93 0.26 -0.29
84.2 0.31 -0.29
93.64 0.45 -0.29
104.62 0.65 -0.29
126.87 0.47 -0.29
140.81 0.45 -0.29
160.08 0.61 1.71
170.27 0.43 -0.29
231.03 0.35 -0.29
236.21 1.19 -0.29
263.47 0.31 -0.29
273.44 0.39 -0.29
278.62 0.65 -0.29
283.16 0.97 -0.29
300.24 0.46 -0.29
312.16 0.33 -0.29
335.44 0.08 -0.29
340.35 0.33 -0.29
350.68 0.37 -0.29
372.17 0.51 -0.29
377.76 0.13 -0.29
386.03 0.4 -0.29
408.9 0.31 -0.29
418.94 0.4 -0.29
429.24 0.3 -0.29
446.54 0.28 1.71
454.98 0.34 -0.29
475.12 1.29 1.71
491.19 0.38 -0.29
509.11 0.29 1.71
519.61 0.54 -0.29
543.01 0.47 1.71
553.02 0.38 -0.29
573.96 0.36 -0.29
583.97 0.35 -0.29
593.36 0.97 -0.29
