8.03 0.48 1.95
12.89 0.47 0.95
38.21 1.23 0.95
48.4 0.68 -1.05
58.89 0.56 -1.05
75.63 0.69 0.95
86.72 1.02 -1.05
92 0.54 -1.05
96.52 0.68 -1.05
113.12 1.17 1.95
128.58 0.61 -1.05
145.86 1 1.95
155.22 0.42 -0.05
175.29 1.64 1.95
185.39 0.55 -0.05
194.56 0.49 -1.05
211.86 2 0.95
217.41 0.7 -0.05
228.3 0.41 -1.05
250.05 0.9 -0.05
260.57 0.46 -1.05
282.77 1.74 -0.05
292.93 3.04 -1.05
297.72 0.95 -1.05
309.14 0.7 -1.05
325.81 1.16 1.95
334.36 0.98 -0.05
362.55 0.66 0.95
371.78 0.81 -1.05
392.87 1.48 0.95
402.03 0.62 -1.05
425.36 0.63 -0.05
431.31 0.72 -1.05
440.35 0.37 -1.05
457.34 0.54 0.95
466.66 0.43 -1.05
540.75 0.47 0.95
551.03 0.4 -1.05
561.59 0.47 -1.05
579.76 2.71 2.95
588.03 1.58 0.95
593.71 0.85 -0.05
599.04 0.62 -1.05
