6.26 0.52 -0.35
11.34 0.87 -0.35
20.5 0.42 -0.35
25.66 0.36 -0.35
42.95 1.07 -0.35
53.63 0.66 -0.35
64.96 0.44 -0.35
82.93 0.89 1.65
94.03 1.34 -0.35
115.96 1.09 -0.35
125.59 0.38 -0.35
152.54 0.76 1.65
162.12 1.06 -0.35
183.74 0.65 1.65
188.53 0.57 0.65
199.27 0.5 -0.35
221.55 0.92 -0.35
232.08 0.46 -0.35
251.34 0.69 -0.35
256.38 0.64 -0.35
262.21 0.74 -0.35
287.98 0.59 -0.35
303.97 0.39 -0.35
319.63 0.65 -0.35
330 0.43 -0.35
354.01 0.55 1.65
363.96 0.48 -0.35
390.34 0.96 -0.35
401.94 0.36 -0.35
423.06 0.42 -0.35
431.55 0.35 -0.35
441.06 0.55 -0.35
459.74 0.57 -0.35
469.86 0.57 -0.35
533.39 0.45 1.65
537.48 0.43 0.65
547.49 0.39 -0.35
569.14 0.82 1.65
579.44 0.45 -0.35
590.17 0.36 -0.35
