7.18 0.58 -0.23
16.76 0.54 -0.23
39.49 0.48 -0.23
45.44 0.43 -0.23
56.39 0.74 -0.23
82.48 0.55 -0.23
94.2 0.79 -0.23
112.5 0.55 1.77
118.11 1.07 0.77
127.15 0.72 -0.23
148.27 0.51 -0.23
152.93 0.58 -0.23
181.03 0.8 -0.23
186.04 0.46 -0.23
190.2 0.78 -0.23
220.86 0.46 -0.23
225.14 0.93 -0.23
229.98 0.74 -0.23
250.95 1.57 -0.23
262.52 0.46 -0.23
267.87 0.67 -0.23
291.48 0.43 -0.23
301.52 0.68 -0.23
320.49 0.61 -0.23
330.29 0.48 -0.23
340.35 0.57 -0.23
356.92 0.59 -0.23
371.74 0.5 -0.23
390.97 0.67 1.77
396.7 0.64 0.77
406.74 0.47 -0.23
430.1 0.72 -0.23
439.11 0.79 -0.23
461.92 0.45 1.77
467.08 0.52 0.77
495.8 0.86 -0.23
500.25 0.98 -0.23
510.17 0.98 -0.23
531.59 0.36 -0.23
535.78 0.39 -0.23
540.43 0.61 -0.23
563.83 0.4 -0.23
573.41 0.84 -0.23
584.25 0.56 -0.23
600.68 0.75 1.77
614.89 0.77 -0.23
620.85 0.55 -0.23
