6.17 2.97 -0.21
12.22 1.16 -0.21
17.13 0.95 -0.21
37.61 0.67 1.79
43.53 0.85 0.79
54.49 1.34 -0.21
140.07 0.78 -0.21
145.98 1.42 -0.21
175.14 0.53 -0.21
180.16 0.95 -0.21
195.87 0.84 -0.21
213.34 1.52 1.79
222.73 0.65 -0.21
247.22 0.73 1.79
257.69 0.99 -0.21
268.89 0.55 -0.21
287.54 1.21 -0.21
297.67 1.55 -0.21
320.63 0.54 -0.21
330.96 0.75 -0.21
341.45 1.15 -0.21
359.14 0.91 -0.21
363.26 1.18 -0.21
373.34 0.36 -0.21
396.18 0.9 -0.21
401.48 1.08 -0.21
430.48 0.66 -0.21
441.73 0.47 -0.21
452.4 0.91 -0.21
501.92 0.6 -0.21
516.52 0.58 -0.21
539.91 3.04 -0.21
545.51 0.48 -0.21
555.83 0.4 -0.21
