5.31 1.44 -0.15
14.37 0.55 -0.15
24.54 0.55 -0.15
41.95 0.67 -0.15
57.74 0.8 -0.15
74.23 1.36 1.85
85.44 0.65 -0.15
108.03 0.73 -0.15
112.71 0.67 -0.15
141.87 0.59 -0.15
151.96 0.69 -0.15
177.58 2.05 1.85
188.03 0.65 -0.15
197.65 0.5 -0.15
217.23 0.64 -0.15
221.41 0.51 -0.15
232.11 0.52 -0.15
298.15 1.64 -0.15
303.73 0.74 -0.15
314.37 0.54 -0.15
338.41 0.64 -0.15
349.38 1.75 -0.15
369.64 1.96 -0.15
384.99 0.87 -0.15
400.89 0.63 1.85
410.4 0.56 -0.15
432.63 1.51 -0.15
442.98 0.43 -0.15
454.54 0.54 -0.15
470.99 1.58 -0.15
476.31 0.79 -0.15
487.03 0.61 -0.15
509.01 1.25 -0.15
520.48 0.68 -0.15
530.66 0.77 -0.15
547.2 1.21 -0.15
556.48 0.56 -0.15
578.62 0.65 -0.15
589.63 0.5 -0.15
