6.93 1.42 -0.33
12.77 0.91 -0.33
26.87 0.73 -0.33
93.32 0.71 1.67
104.65 0.79 -0.33
165.94 0.89 -0.33
177.15 1.33 -0.33
187.09 1.39 -0.33
202.92 0.74 -0.33
212.2 1.13 -0.33
232.9 0.74 -0.33
244.4 1.21 -0.33
266.86 0.75 -0.33
272.08 1.59 -0.33
281.29 0.9 -0.33
299.58 2.15 1.67
310.26 1.21 -0.33
331.59 0.91 1.67
340.97 1.64 -0.33
361.8 0.74 -0.33
365.93 0.74 -0.33
379.6 1.07 -0.33
398.35 0.93 -0.33
404.33 1.46 -0.33
433.53 0.79 -0.33
444.85 0.82 -0.33
467.06 0.87 -0.33
478.05 0.83 -0.33
499.87 0.66 -0.33
504.37 1.01 -0.33
509.89 1.01 -0.33
530.97 1.05 3.67
535.06 0.88 2.67
548.26 3.02 -0.33
564.26 1.03 -0.33
573.73 0.95 -0.33
602.78 2.68 -0.33
607.94 1.19 -0.33
613.94 0.81 -0.33
