7.67 0.83 -0.26
17.35 2.08 -0.26
27.26 1.24 -0.26
82.86 1.24 1.74
92.98 1.31 -0.26
103.52 0.64 -0.26
165.47 0.55 -0.26
169.98 0.81 -0.26
183.77 0.98 -0.26
200.8 0.65 -0.26
210.77 0.93 -0.26
233.95 0.61 -0.26
239.78 0.68 -0.26
244.32 1.98 -0.26
254.17 1.17 -0.26
271.62 0.52 -0.26
276.97 0.69 -0.26
309.29 0.58 -0.26
318.72 0.93 -0.26
375.46 0.67 -0.26
380.94 0.79 -0.26
386.81 0.87 -0.26
409.5 0.67 -0.26
425.73 0.97 -0.26
500.54 1.12 -0.26
509.49 1.48 -0.26
531 0.63 3.74
536.98 0.56 2.74
550.74 0.78 -0.26
572.89 0.78 -0.26
584.23 0.84 -0.26
605.76 1.6 -0.26
610.54 1.25 -0.26
621.74 0.54 -0.26
