5.86 0.48 2.9
15.78 1.07 0.9
24.49 0.6 -1.1
41.3 0.66 0.9
50.79 0.55 -1.1
70.05 0.62 -0.1
74.73 0.74 -1.1
84.43 1.03 -1.1
105.77 0.99 -1.1
111.81 0.77 -1.1
125.82 0.8 -1.1
195.08 0.61 0.9
206.84 0.65 -1.1
229.19 0.59 0.9
239.38 0.46 -1.1
268.63 0.89 -0.1
274.06 0.6 -1.1
279.61 0.73 -1.1
300.14 0.46 0.9
310.31 0.7 -1.1
335 0.44 -0.1
340.77 0.66 -1.1
354.31 0.84 -1.1
372.66 0.71 2.9
383.64 0.92 0.9
393.33 0.71 -1.1
411.39 0.39 1.9
417.27 0.33 0.9
444.74 0.49 2.9
454.82 0.56 0.9
465.68 0.89 -1.1
482.49 0.43 0.9
490.96 0.55 -1.1
513.74 0.52 1.9
524.17 1.14 -0.1
534.2 0.89 -1.1
551.28 0.66 -0.1
561.55 0.71 -1.1
583.01 0.84 1.9
599.59 0.62 -1.1
