7.95 0.59 -0.38
23.08 0.72 -0.38
40.47 1.06 1.62
49.96 0.48 -0.38
59.89 0.44 -0.38
76.33 0.69 -0.38
86.35 0.4 -0.38
97.22 0.49 -0.38
114.24 0.59 1.62
122.96 0.35 -0.38
150.63 0.51 -0.38
161.69 0.59 -0.38
185.23 0.96 -0.38
189.83 1.49 -0.38
200.17 0.39 -0.38
220.84 0.53 -0.38
232.36 0.38 -0.38
253.52 0.57 -0.38
258.7 0.59 -0.38
288.71 0.87 1.62
299.37 0.44 -0.38
320.58 0.7 1.62
330.88 0.48 -0.38
352.45 0.44 -0.38
361.17 0.61 -0.38
383.17 0.61 -0.38
387.72 1.19 -0.38
398.28 0.85 -0.38
421.09 2.64 1.62
432.37 0.9 -0.38
487.23 0.45 1.62
493.22 0.5 0.62
504.51 1.52 -0.38
526.13 0.77 -0.38
531.97 0.77 -0.38
560.95 0.41 -0.38
571.06 0.64 -0.38
593.29 0.86 1.62
603.38 0.71 -0.38
