6.81 0.53 -0.24
10.97 0.51 -0.24
27.48 0.32 -0.24
49.83 0.47 -0.24
54.79 0.62 -0.24
60.22 0.36 -0.24
83.15 0.52 -0.24
87.92 0.79 -0.24
98.7 0.61 -0.24
120.3 0.65 -0.24
130.37 0.42 -0.24
150.2 0.37 -0.24
155.61 0.71 -0.24
165.64 0.34 -0.24
182.54 0.34 1.76
198.57 0.54 -0.24
216.12 0.39 -0.24
225.27 0.33 -0.24
247.18 0.45 -0.24
258.13 0.49 -0.24
268.01 0.5 -0.24
285.36 1.74 3.76
289.46 1.37 2.76
304.12 0.39 -0.24
319.89 0.61 -0.24
329.49 0.44 -0.24
339.11 0.34 -0.24
357.58 0.52 -0.24
362.86 0.57 -0.24
389.45 0.43 1.76
401.22 0.79 -0.24
423.07 0.6 -0.24
428.89 0.63 -0.24
438.58 0.93 -0.24
466.24 0.83 -0.24
471.49 1.25 -0.24
475.92 1.33 -0.24
498.51 0.56 -0.24
513.43 0.57 -0.24
536.12 0.53 -0.24
540.18 0.74 -0.24
567.76 0.47 -0.24
573.25 0.95 -0.24
577.65 3.04 -0.24
588.02 0.76 -0.24
