7 0.87 -0.06
17.7 1.36 -0.06
27.43 1.1 -0.06
97.85 1.24 -0.06
107.81 1.58 -0.06
130.74 1.05 -0.06
141.41 1.31 -0.06
152.15 0.49 -0.06
174.05 0.69 -0.06
178.46 0.58 -0.06
183.73 1.2 -0.06
257.56 0.98 -0.06
275.3 1.66 -0.06
295.03 0.68 -0.06
300.93 1.05 -0.06
329.35 0.66 -0.06
334.5 1 -0.06
360.69 0.77 -0.06
372.26 1.26 -0.06
396.22 0.79 1.94
406.82 0.52 -0.06
429.33 1.06 -0.06
439.37 0.54 -0.06
462.72 1.05 -0.06
472.18 0.6 -0.06
493.72 0.6 -0.06
509.91 0.69 -0.06
515.2 0.94 -0.06
531.3 0.77 -0.06
541.55 1.03 -0.06
552 0.75 -0.06
569.45 0.56 -0.06
574.24 0.64 -0.06
604.8 0.43 -0.06
609 1.61 -0.06
