7.18 0.48 -0.16
11.36 0.44 -0.16
16.88 0.65 -0.16
48.8 0.56 -0.16
77.72 1.28 -0.16
87.23 0.41 -0.16
97.2 0.31 -0.16
114.72 0.7 1.84
123.64 0.5 -0.16
143.74 0.6 -0.16
149.13 0.35 -0.16
177.27 0.51 1.84
181.66 0.43 0.84
191.01 0.36 -0.16
221.66 1.19 -0.16
226.4 0.44 -0.16
230.92 0.5 -0.16
254.59 1.14 -0.16
264.88 0.51 -0.16
288 0.44 -0.16
292.24 0.36 -0.16
319.32 0.5 -0.16
329.55 0.59 -0.16
338.37 0.46 -0.16
355.52 1.04 -0.16
366.9 0.37 -0.16
377.97 0.35 -0.16
394.6 0.42 -0.16
405.03 0.46 -0.16
410.43 0.44 -0.16
414.81 0.35 -0.16
431.75 0.68 -0.16
437.15 0.62 -0.16
448.33 0.41 -0.16
468.49 2.5 -0.16
477.24 0.78 -0.16
497.83 0.42 -0.16
507.25 0.42 -0.16
537.29 0.32 -0.16
541.55 0.4 -0.16
546 0.37 -0.16
568.46 1.17 1.84
577.94 0.35 -0.16
600.82 0.4 -0.16
614.83 0.39 -0.16
