6.59 3.14 1.76
12.34 0.74 0.76
22.61 1.08 -0.24
32.28 0.8 -0.24
51.91 0.71 1.76
62.53 0.53 -0.24
66.74 3.11 -0.24
87.44 0.57 -0.24
93.12 1.66 -0.24
103.68 0.51 -0.24
177.82 0.62 -0.24
187.62 0.7 -0.24
209.61 0.75 -0.24
220.59 0.73 -0.24
242.05 1.47 -0.24
253.73 0.72 -0.24
259.39 0.67 -0.24
278.09 0.55 -0.24
292.97 0.62 -0.24
310.34 0.71 -0.24
325.54 0.59 -0.24
344.49 0.83 -0.24
350.44 0.75 -0.24
366.44 0.6 -0.24
383.94 1.52 -0.24
388.11 1.06 -0.24
397.71 0.59 -0.24
419.41 1.08 -0.24
430.64 0.75 -0.24
508.43 2.34 -0.24
512.82 1.32 -0.24
518.14 0.76 -0.24
538.46 1.17 -0.24
547.65 0.85 -0.24
570.29 3.09 1.76
581.3 0.75 -0.24
604.31 1.07 1.76
614.96 0.63 -0.24
