12.08 1.47 -0.26
20.64 0.67 -0.26
38.55 0.72 -0.26
47.79 0.93 -0.26
75.01 0.58 -0.26
85.43 0.45 -0.26
112.15 0.93 -0.26
123.83 0.72 -0.26
127.95 0.64 -0.26
144.91 1 -0.26
154.6 0.91 -0.26
164.5 0.61 -0.26
179.54 0.67 -0.26
184.5 0.99 -0.26
195.92 0.66 -0.26
201.65 0.55 -0.26
218.4 0.73 1.74
227.04 1.06 -0.26
238.6 1.23 -0.26
255.43 0.73 1.74
259.74 0.99 0.74
270.58 1.01 -0.26
291.2 0.78 -0.26
295.98 1.11 -0.26
309.69 0.74 -0.26
327.75 0.94 1.74
339.7 1.25 -0.26
363.21 2.09 -0.26
368.92 1.17 -0.26
378.58 0.59 -0.26
384.57 0.68 -0.26
401.31 1.29 1.74
405.58 0.83 0.74
416.11 0.86 -0.26
443.99 0.92 -0.26
454.33 0.61 -0.26
460.12 0.76 -0.26
477.26 1.94 1.74
490.89 1.13 -0.26
514.64 0.85 -0.26
525.28 0.62 -0.26
536.94 0.64 -0.26
553.04 0.82 -0.26
562.5 1.03 -0.26
587.99 0.75 -0.26
592.51 0.56 -0.26
607.67 0.89 -0.26
