6.76 0.43 -0.1
16.28 0.43 -0.1
36.4 0.58 1.9
47.72 0.63 -0.1
68.31 2.43 -0.1
78.58 0.64 -0.1
100.6 0.34 -0.1
111.15 0.4 -0.1
135.42 0.38 -0.1
145.87 0.71 -0.1
166.68 0.4 -0.1
177.49 0.34 -0.1
187.45 0.46 -0.1
204.05 0.34 -0.1
209.54 0.33 -0.1
219.13 0.4 -0.1
240.53 0.55 -0.1
251.95 0.33 -0.1
260.67 0.38 -0.1
277.03 0.42 -0.1
292.2 0.37 -0.1
315.33 1.29 1.9
324.92 0.4 -0.1
350.71 0.69 -0.1
361.67 0.35 -0.1
379.83 0.38 -0.1
384.65 0.38 -0.1
414.46 0.78 -0.1
423.32 0.42 -0.1
427.93 0.37 -0.1
447.46 0.4 -0.1
453.3 0.4 -0.1
459.21 0.45 -0.1
469.19 0.45 -0.1
490.95 0.57 -0.1
501.57 0.37 -0.1
524.08 1.14 -0.1
533.86 0.43 -0.1
554.12 1.54 -0.1
569.68 0.41 -0.1
592.86 0.42 -0.1
603.34 0.38 -0.1
