7.61 0.72 -0.09
18.48 1.6 -0.09
54.39 3.04 -0.09
59.56 1.15 -0.09
69.34 0.89 -0.09
91.96 0.67 -0.09
97.7 0.57 -0.09
102.99 0.63 -0.09
128.46 0.79 -0.09
133.22 0.86 -0.09
143.06 0.95 -0.09
164.29 0.66 -0.09
173.79 0.99 -0.09
177.96 0.65 -0.09
200.92 0.6 -0.09
211.65 0.8 -0.09
228.61 0.75 -0.09
232.68 2.15 -0.09
238.39 0.89 -0.09
260.71 1.35 1.91
266.34 0.73 0.91
275.42 0.58 -0.09
297.2 1.75 -0.09
307.7 0.65 -0.09
413.65 0.68 -0.09
423.45 1.18 -0.09
446.41 0.95 -0.09
458.05 0.65 -0.09
485.41 1.09 -0.09
495.66 0.54 -0.09
510.83 1.48 -0.09
516.14 0.73 -0.09
524.73 0.72 -0.09
