7.52 0.59 -0.36
17.7 0.48 -0.36
42.66 0.62 1.64
53.35 0.55 -0.36
64.54 0.85 -0.36
82.76 0.56 -0.36
86.84 1.46 -0.36
91.07 0.81 -0.36
100.63 0.45 -0.36
117.37 0.69 -0.36
126.33 0.97 -0.36
144.97 0.55 -0.36
155.95 0.76 -0.36
179.49 0.44 -0.36
183.61 0.39 -0.36
193.09 0.39 -0.36
212.26 0.48 3.64
217.35 0.57 2.64
232.64 0.43 -0.36
247.88 0.7 -0.36
257.82 0.44 -0.36
267.41 0.42 -0.36
283.18 0.41 -0.36
294.35 0.8 -0.36
298.59 0.43 -0.36
314.36 0.41 -0.36
318.5 0.46 -0.36
323.88 0.36 -0.36
344.88 3.04 1.64
349.68 1.29 0.64
355.66 2.07 -0.36
459.47 0.51 1.64
474.46 0.75 -0.36
523.98 0.62 -0.36
529.39 0.6 -0.36
535.02 0.69 -0.36
561.2 0.73 -0.36
566.59 0.56 -0.36
576.05 0.59 -0.36
