5.82 0.66 -0.13
15.82 0.89 -0.13
43.35 0.9 -0.13
48.11 0.62 -0.13
53.99 0.65 -0.13
75.22 0.67 1.87
84.07 0.69 -0.13
105.27 0.48 -0.13
110.1 0.37 -0.13
121.01 0.46 -0.13
143.25 0.8 -0.13
151.77 0.39 -0.13
172.49 0.64 1.87
182.66 0.44 -0.13
203.83 1.41 -0.13
213.7 0.66 -0.13
224.54 1.02 -0.13
241.2 1.37 -0.13
249.64 0.59 -0.13
255.65 1.18 -0.13
330.04 2.38 -0.13
340.57 0.59 -0.13
363.77 0.65 -0.13
368.17 0.64 -0.13
499.32 0.64 -0.13
504.51 0.54 -0.13
529.43 1.47 -0.13
540.75 0.87 -0.13
562.53 2.7 -0.13
571.58 0.82 -0.13
