54.54 0.69 1.83
65.62 0.66 -0.17
74.96 0.59 -0.17
91.79 0.6 -0.17
96.13 0.46 -0.17
111.03 0.58 -0.17
177.28 0.8 -0.17
183.1 0.87 -0.17
193.13 0.86 -0.17
219.44 2.13 -0.17
229.6 0.79 -0.17
234.96 0.63 -0.17
251.81 0.62 1.83
261.58 0.47 -0.17
283.94 0.5 -0.17
293.65 1.52 -0.17
317.01 2.06 -0.17
332.88 1.03 -0.17
342.97 1.22 -0.17
359.12 0.83 1.83
370.96 0.74 -0.17
381.31 0.95 -0.17
398.71 1.82 -0.17
404.32 1.33 -0.17
414.84 0.72 -0.17
432.34 0.65 -0.17
443.34 0.68 -0.17
452.31 0.49 -0.17
469.45 0.76 -0.17
478.31 0.47 -0.17
482.49 0.52 -0.17
543.5 0.67 -0.17
554.61 0.74 -0.17
579.25 0.55 -0.17
589.56 0.68 -0.17
