37.6 0.51 -0.13
47.5 0.67 -0.13
58.56 0.64 -0.13
75.85 0.61 -0.13
84.33 0.51 -0.13
113 0.4 -0.13
117.39 0.74 -0.13
134.41 0.6 -0.13
151.24 0.44 -0.13
161.85 0.6 -0.13
217.4 0.62 -0.13
232.18 1.08 -0.13
249.16 1.4 1.87
262.87 0.91 -0.13
268.62 1.17 -0.13
285.14 0.73 -0.13
295.18 1.06 -0.13
317.08 0.75 -0.13
322.4 0.74 -0.13
332.24 0.49 -0.13
396.17 0.61 -0.13
400.38 0.66 -0.13
405.53 0.65 -0.13
427.58 0.61 -0.13
436.43 0.69 -0.13
459.56 0.59 -0.13
464.54 1.19 -0.13
468.67 1.24 -0.13
488.41 0.72 1.87
494.38 0.63 0.87
505.39 0.45 -0.13
534.05 0.8 -0.13
544.06 0.73 -0.13
562.52 0.69 -0.13
579.19 0.35 -0.13
585.2 0.59 -0.13
602.44 0.49 -0.13
612.02 1.05 -0.13
621.8 0.65 -0.13
