5.57 1.76 -0.19
11.16 1.04 -0.19
22.33 1.58 -0.19
45.14 0.66 -0.19
61.54 0.59 -0.19
65.83 0.68 -0.19
80.84 0.79 -0.19
97 0.89 -0.19
116.55 1.3 -0.19
128.09 1.22 -0.19
139.69 0.81 -0.19
155.97 1.53 1.81
166.63 1.05 -0.19
191.98 1.18 -0.19
202.95 0.7 -0.19
221.17 0.79 -0.19
226.91 0.69 -0.19
238.5 0.98 -0.19
255.5 1.32 -0.19
265.05 0.82 -0.19
287.17 1.65 -0.19
298.06 0.99 -0.19
320.43 0.73 1.81
330.89 0.83 -0.19
353.35 1.24 -0.19
368.7 0.6 -0.19
505.41 0.7 -0.19
509.58 0.96 -0.19
519.49 0.55 -0.19
524.64 0.61 -0.19
542.74 0.92 -0.19
548.82 0.75 -0.19
558.06 1.14 -0.19
580.74 0.89 1.81
586.82 0.88 0.81
596.91 0.72 -0.19
