5.61 1.05 -0.04
17.28 0.41 -0.04
26.24 0.63 -0.04
45 0.72 -0.04
55.83 0.53 -0.04
89.96 0.59 -0.04
99.7 0.43 -0.04
121.97 0.53 -0.04
126.76 0.48 -0.04
137.06 0.49 -0.04
159.35 0.49 -0.04
170.21 0.37 -0.04
186.4 1.09 -0.04
195.77 0.89 -0.04
206.63 0.76 -0.04
224.43 0.64 -0.04
228.75 1.05 -0.04
233.07 0.39 -0.04
237.66 1.02 -0.04
260.01 0.62 -0.04
269.48 0.4 -0.04
292.68 0.98 -0.04
306.14 0.53 -0.04
323.1 0.8 1.96
333.22 0.52 -0.04
357.12 0.45 -0.04
362.58 0.39 -0.04
367.03 0.74 -0.04
398.91 0.44 -0.04
409.58 0.61 -0.04
434.03 0.55 -0.04
444.37 0.39 -0.04
454.51 1.34 -0.04
472.22 0.62 -0.04
483.29 1 -0.04
511.4 0.57 -0.04
521.23 1.14 -0.04
537.16 0.52 -0.04
554.1 0.62 -0.04
570.95 0.61 -0.04
581.83 0.43 -0.04
586.87 0.55 -0.04
604.67 0.82 -0.04
608.98 0.58 -0.04
617.79 0.48 -0.04
