11.16 0.78 -0.19
16.21 0.65 -0.19
20.46 0.99 -0.19
79.98 0.89 -0.19
89.78 0.64 -0.19
99.65 0.71 -0.19
116.41 1.07 -0.19
126.86 0.73 -0.19
147.17 0.74 -0.19
151.36 0.84 -0.19
160.96 0.63 -0.19
176.5 0.79 -0.19
189.93 1.02 -0.19
207.74 0.71 -0.19
212.29 0.84 -0.19
217.79 0.77 -0.19
227.61 0.55 -0.19
245.3 0.88 -0.19
255.66 0.81 -0.19
265.22 0.79 -0.19
282.23 0.78 -0.19
287.89 0.79 -0.19
314.78 0.71 -0.19
325.67 0.9 -0.19
334.34 0.66 -0.19
350.97 0.78 -0.19
359.91 0.57 -0.19
382.08 0.64 -0.19
386.65 0.75 -0.19
401.61 0.93 -0.19
457.33 0.84 1.81
472.69 0.75 -0.19
489.4 0.81 -0.19
499.18 0.54 -0.19
520.07 0.71 -0.19
534 0.78 -0.19
551.14 0.83 1.81
557.02 0.74 0.81
566.88 0.95 -0.19
589.45 0.79 1.81
594.01 1.28 0.81
603.82 0.8 -0.19
