12.98 1.89 -0.26
18.5 2.58 -0.26
23.97 1.97 -0.26
44.93 2.69 -0.26
54.48 2.03 -0.26
65.3 1.16 -0.26
84.62 2.16 -0.26
90.18 1.01 -0.26
99.32 1.19 -0.26
115.91 2.09 -0.26
126.2 0.88 -0.26
136.08 0.83 -0.26
163.52 1.72 -0.26
173.41 1.13 -0.26
189.1 2.38 -0.26
199.01 1.33 -0.26
210.59 0.97 -0.26
228.94 1.95 1.74
233.1 1.23 0.74
242.64 1.8 -0.26
265.37 1.43 3.74
270.02 0.94 2.74
290.72 0.94 -0.26
307.3 1.51 -0.26
316.58 1.1 -0.26
327.07 1.15 -0.26
344.67 0.55 -0.26
349.05 1.14 -0.26
358.43 0.76 -0.26
376.14 0.8 -0.26
381.61 0.89 -0.26
387.15 1.21 -0.26
408.21 1.45 1.74
418.59 1.43 -0.26
429.33 0.92 -0.26
446.02 0.93 -0.26
456.64 1.05 -0.26
476.29 1.45 -0.26
486 1.24 -0.26
508.03 0.78 -0.26
524.57 0.85 -0.26
548.84 0.89 -0.26
554.89 0.72 -0.26
559.33 1.1 -0.26
582.03 1.64 -0.26
587.27 1.07 -0.26
597.77 1.09 -0.26
