7.86 0.66 1.83
19.45 0.71 -0.17
43.15 0.56 -0.17
47.67 0.86 -0.17
56.94 0.65 -0.17
79.71 1.21 -0.17
90.84 0.88 -0.17
102.5 0.53 -0.17
120.18 0.7 -0.17
131.93 0.54 -0.17
143.05 0.66 -0.17
160.33 0.65 -0.17
164.73 0.82 -0.17
169.6 1.25 -0.17
178.37 0.81 -0.17
195.06 0.48 -0.17
204.82 0.8 -0.17
215.18 0.71 -0.17
231.93 0.6 1.83
237.71 0.66 0.83
248.56 0.49 -0.17
272.43 0.75 -0.17
276.5 0.99 -0.17
291.43 0.81 -0.17
306.94 1.5 -0.17
316.52 1.25 -0.17
339.57 0.51 1.83
344.25 0.73 0.83
354.11 0.74 -0.17
376.75 0.46 -0.17
382.13 0.49 -0.17
386.2 0.58 -0.17
413.66 0.73 -0.17
423.83 0.75 -0.17
433.23 0.49 -0.17
449.92 0.49 -0.17
466.57 0.68 -0.17
490.9 0.84 -0.17
502.7 0.69 -0.17
524.26 0.63 -0.17
533.99 0.69 -0.17
545.75 0.46 -0.17
562.65 0.6 -0.17
567.11 0.5 -0.17
571.93 0.81 -0.17
598.21 0.73 -0.17
612.22 0.56 -0.17
