6.92 0.79 -0.36
12.34 1 -0.36
16.85 1.17 -0.36
37.8 0.74 1.64
43.29 0.74 0.64
53.72 1.01 -0.36
79.81 0.65 1.64
85.75 0.77 0.64
95.35 0.81 -0.36
122.46 0.78 -0.36
148.81 1.4 1.64
154.74 1.3 0.64
163.48 0.99 -0.36
187.17 0.85 -0.36
191.89 0.95 -0.36
202.25 0.67 -0.36
218.65 0.91 1.64
229.55 0.72 -0.36
253.43 0.66 -0.36
258.36 0.43 -0.36
268.71 0.75 -0.36
291.28 1.62 -0.36
302.44 0.61 -0.36
314.13 0.65 -0.36
331.73 3.11 1.64
336.29 3.17 0.64
341.51 0.7 -0.36
352.08 0.73 -0.36
378.77 0.79 -0.36
387.52 0.63 -0.36
391.97 0.77 -0.36
454.38 0.69 -0.36
464.42 0.73 -0.36
481.46 0.98 -0.36
491.61 0.59 -0.36
562.9 1.18 -0.36
574.03 1.94 -0.36
613.35 0.69 -0.36
624.15 0.8 -0.36
