6.19 1.03 -0.15
23.21 0.47 -0.15
29.09 0.52 -0.15
46.69 0.71 -0.15
57.01 0.63 -0.15
82.95 0.54 -0.15
87.46 0.42 -0.15
93.59 0.49 -0.15
121.19 1.24 -0.15
131.35 0.56 -0.15
154.03 1.03 1.85
159.85 0.53 0.85
169.44 0.53 -0.15
191.33 1.26 -0.15
201.86 0.49 -0.15
222.95 0.46 -0.15
227.24 0.53 -0.15
254.07 0.93 -0.15
265.58 1.13 -0.15
292.19 0.72 -0.15
301.46 0.73 -0.15
306.97 0.75 -0.15
326.51 0.85 -0.15
332.18 0.8 -0.15
393.94 0.55 -0.15
404.34 0.51 -0.15
427.66 0.62 -0.15
439.24 0.42 -0.15
448.32 0.74 -0.15
464.2 0.7 1.85
469.25 0.4 0.85
480.67 1.05 -0.15
504.54 0.69 -0.15
510.47 0.63 -0.15
521.31 0.83 -0.15
543.52 0.74 -0.15
554.05 0.64 -0.15
565.38 0.47 -0.15
583.1 0.54 -0.15
594.21 0.65 -0.15
