41.89 0.7 -0.21
57.47 0.67 -0.21
61.87 0.75 -0.21
77.67 0.65 -0.21
86.49 0.85 -0.21
97.48 0.86 -0.21
113.74 0.77 1.79
122.9 0.9 -0.21
134.36 0.69 -0.21
155.83 0.74 -0.21
166.26 0.94 -0.21
186.54 1.12 -0.21
195.97 1.19 -0.21
206.56 0.62 -0.21
319.53 0.74 1.79
328.11 1.33 -0.21
351.1 1.3 1.79
361.04 1.6 -0.21
382.41 1.68 -0.21
387.89 1.55 -0.21
397.11 1.06 -0.21
412.61 0.7 -0.21
423.03 0.88 -0.21
433.24 0.69 -0.21
450.36 1.35 -0.21
465.62 0.8 -0.21
481.35 0.77 1.79
492.92 1.15 -0.21
513.68 1.62 -0.21
523.68 0.84 -0.21
528 1.1 -0.21
532.78 1 -0.21
550.58 0.74 -0.21
556.41 2.35 -0.21
565.35 1.27 -0.21
587.35 3.04 -0.21
591.99 0.35 -0.21
603.05 0.81 -0.21
