6.35 0.48 1.84
11.95 0.65 0.84
43.02 0.59 -0.16
47.71 0.5 -0.16
53.19 0.62 -0.16
64.34 1.54 -0.16
82.52 1.35 1.84
93.5 0.59 -0.16
104.68 0.59 -0.16
121.12 0.49 -0.16
126.05 0.61 -0.16
141.45 0.74 -0.16
157.98 1.1 -0.16
172.83 0.85 -0.16
189.51 1.79 1.84
202.91 0.61 -0.16
208.62 0.99 -0.16
230.54 1.27 -0.16
239.82 1.09 -0.16
263.4 0.97 -0.16
269.21 0.72 -0.16
294.96 0.5 -0.16
304.87 1.01 -0.16
325.25 0.56 -0.16
330.82 0.46 -0.16
339.81 0.73 -0.16
357.72 0.67 -0.16
368.37 1.14 -0.16
379.76 0.58 -0.16
431.58 0.47 -0.16
442.01 1.02 -0.16
464.71 0.57 -0.16
469.48 0.73 -0.16
475.44 0.76 -0.16
501.74 0.73 -0.16
516.28 0.73 -0.16
534.44 0.54 -0.16
544.52 0.65 -0.16
555.31 1.09 -0.16
571.3 0.65 -0.16
580 0.8 -0.16
585.32 1.19 -0.16
609.02 0.85 -0.16
619.03 0.61 -0.16
623.28 0.59 -0.16
