5.43 0.59 -0.09
15.41 0.6 -0.09
38.39 0.45 -0.09
44.4 0.91 -0.09
60.42 0.53 -0.09
138.59 0.46 -0.09
148.35 0.48 -0.09
158.26 0.67 -0.09
175.89 0.53 1.91
186.87 0.45 -0.09
197.46 0.5 -0.09
215.03 0.46 -0.09
225.4 0.47 -0.09
247.99 0.42 -0.09
253.26 0.49 -0.09
257.91 1.25 -0.09
279.3 0.59 -0.09
290.73 0.43 -0.09
295.27 0.52 -0.09
299.89 0.47 -0.09
320.7 0.78 -0.09
331.68 0.67 -0.09
351.98 0.44 -0.09
361.03 0.52 -0.09
370.98 0.55 -0.09
388.42 0.48 -0.09
398.59 0.46 -0.09
403.3 0.47 -0.09
407.59 0.47 -0.09
425.58 0.4 -0.09
435.19 0.49 -0.09
462.97 0.41 -0.09
468.93 0.45 -0.09
484.41 0.58 -0.09
501.22 0.59 1.91
517.24 0.73 -0.09
534.76 0.44 -0.09
540.64 0.62 -0.09
569.49 0.48 -0.09
579.49 0.9 -0.09
600.69 0.57 -0.09
610.51 1.59 -0.09
619.98 0.62 -0.09
