6.08 0.86 -0.09
10.95 0.89 -0.09
15.02 0.82 -0.09
35.42 0.73 -0.09
45.39 0.88 -0.09
55.75 0.82 -0.09
78.59 0.75 -0.09
88.66 1.09 -0.09
106.34 0.75 -0.09
111.58 1.25 -0.09
127.12 1.08 -0.09
143.82 1.05 -0.09
157.38 0.57 -0.09
181.18 0.96 -0.09
189.78 1.74 -0.09
200.43 1.72 -0.09
216.83 0.68 -0.09
221.16 1 -0.09
250.25 0.78 -0.09
261.28 1.27 -0.09
272.19 0.91 -0.09
296.46 0.95 -0.09
300.87 0.83 -0.09
306.69 0.85 -0.09
326.58 1.14 -0.09
330.79 1.04 -0.09
340.96 0.51 -0.09
362.19 1.02 -0.09
370.73 2.04 -0.09
429.13 0.75 -0.09
440.47 1 -0.09
463.65 3.04 -0.09
468.6 1.15 -0.09
473.21 1.35 -0.09
483.63 0.67 -0.09
506.1 2.52 1.91
514.57 1.22 -0.09
535.86 0.69 1.91
546.23 1.03 -0.09
566.26 0.63 -0.09
577.45 1.02 -0.09
587.2 0.65 -0.09
603.45 0.89 -0.09
614.23 0.97 -0.09
