7.85 0.7 0
12.19 2.22 0
22.41 0.88 0
45.46 0.68 0
55.49 0.74 0
64.21 0.97 0
81.68 0.85 0
92.71 0.7 0
120.46 0.97 0
131.37 0.85 0
149.85 0.63 0
155.02 0.77 0
165.8 1.07 0
189.02 0.84 0
194.47 0.61 0
199.77 0.98 0
225.95 0.64 0
231.02 0.76 0
241.95 0.68 0
258.13 0.55 0
266.72 0.52 0
277.17 0.48 0
295.25 0.6 0
305.06 0.47 0
309.78 0.56 0
327.37 0.67 0
332.96 0.8 0
343.06 0.62 0
364.64 0.76 0
375.67 0.67 0
397.05 0.89 0
406.07 0.53 0
412 0.5 0
417.69 0.4 0
433.93 0.5 0
443.46 1.09 0
464.43 0.53 0
473.96 0.52 0
495.69 0.46 0
501.69 0.43 0
510.85 2.41 0
563.15 0.6 0
568.32 0.61 0
595.12 0.62 0
605.3 0.87 0
615.55 0.58 0
