5.95 0.7 2.44
15.37 0.42 0.44
44.73 0.55 -0.56
53.5 0.95 -1.56
63.33 0.59 -1.56
81.54 0.78 -0.56
91.51 0.92 -1.56
102.04 0.69 -1.56
119.5 0.52 -0.56
123.72 0.62 -1.56
134.22 0.59 -1.56
151.69 0.54 0.44
160.98 0.92 -1.56
170.69 0.68 -1.56
186.62 0.62 3.44
191.66 0.59 2.44
224.01 2.3 2.44
233.89 0.96 0.44
255.18 0.65 1.44
260.89 0.61 0.44
266.92 0.72 -0.56
276.67 0.84 -1.56
292.07 0.51 0.44
296.13 0.71 -0.56
310.7 0.67 -1.56
327.5 0.59 5.44
336.5 0.61 3.44
402.11 0.57 1.44
406.93 0.89 0.44
417.52 0.86 -1.56
433.99 0.63 -1.56
443.1 1.24 -1.56
466.66 0.75 -0.56
477.37 0.58 -1.56
497.46 0.52 2.44
502.96 0.62 1.44
512.46 0.63 -0.56
534.79 0.64 0.44
543.54 0.8 -1.56
565.27 1.66 0.44
579.38 1.97 -1.56
600.5 0.53 0.44
610.29 0.82 -1.56
