6.28 0.48 0.75
17.14 0.46 -1.25
39.24 0.43 2.75
43.6 0.53 1.75
53.14 0.86 -0.25
75.93 0.5 -0.25
80.55 0.9 -1.25
90.67 0.7 -1.25
109.06 0.47 0.75
120.09 0.48 -1.25
143.34 1.39 -0.25
155.1 0.89 -1.25
164.55 0.54 -1.25
181.96 0.5 2.75
190.49 0.69 0.75
202.07 0.88 -1.25
218.46 0.45 -1.25
229.44 0.88 -1.25
238.72 0.52 -1.25
257.02 0.37 2.75
267.12 0.81 0.75
299.86 0.63 0.75
310.43 0.43 -1.25
330.87 0.63 3.75
340.9 0.91 1.75
349.17 0.49 -0.25
367.32 0.45 1.75
372.32 0.68 0.75
381.78 0.43 -1.25
399.66 0.49 0.75
410.35 1.16 -1.25
433.18 0.62 0.75
443.28 0.46 -1.25
455.24 1.11 -1.25
472.9 0.53 -0.25
484.79 0.52 -1.25
504.44 0.75 2.75
515.09 0.7 0.75
525.89 0.55 -1.25
542.16 0.48 -1.25
553.28 0.42 -1.25
563.19 0.48 -1.25
579.74 0.4 0.75
589.19 0.38 -1.25
