5.22 1.22 -0.18
16.18 1.12 -0.18
38.54 0.82 -0.18
54.58 0.69 -0.18
129.19 0.84 -0.18
133.55 1.16 -0.18
147.64 0.48 -0.18
164.28 0.58 -0.18
169.51 0.79 -0.18
179.47 0.69 -0.18
195.85 0.68 -0.18
210.73 0.98 -0.18
234.1 0.78 -0.18
243.63 1.3 -0.18
267.38 0.76 -0.18
272.96 0.65 -0.18
282.73 0.88 -0.18
306.7 0.85 1.82
317.2 0.89 -0.18
340.4 0.7 -0.18
350.14 0.94 -0.18
371.31 1.61 -0.18
376.52 1.27 -0.18
386 0.85 -0.18
413.52 0.78 -0.18
439.6 0.73 -0.18
457.26 0.76 1.82
468.13 1.05 -0.18
489.07 0.63 -0.18
494.74 0.71 -0.18
499.97 0.98 -0.18
508.59 0.87 -0.18
531.62 0.99 -0.18
541.95 0.79 -0.18
562.32 0.73 1.82
567.25 0.67 0.82
576.33 0.9 -0.18
599.33 0.81 -0.18
610.64 0.79 -0.18
