7.03 0.77 1.95
17.34 0.59 -0.05
28.5 0.37 -0.05
49.35 0.9 -0.05
58.57 0.66 -0.05
79.95 0.8 -0.05
89.52 0.75 -0.05
99.87 1.8 -0.05
117.12 0.56 -0.05
133.51 0.55 -0.05
150.47 0.66 -0.05
155.85 0.75 -0.05
182.65 0.79 -0.05
193.2 0.52 -0.05
198.21 0.97 -0.05
214.27 0.71 -0.05
224.84 0.96 -0.05
251.78 0.45 -0.05
257.53 0.62 -0.05
262.09 1.61 -0.05
282.8 1.14 -0.05
292.4 0.57 -0.05
302.4 0.69 -0.05
318.73 0.45 -0.05
323.07 0.44 -0.05
337.11 0.57 -0.05
352.83 0.59 -0.05
363.36 2.25 -0.05
385 0.52 -0.05
390.83 0.65 -0.05
400.55 0.52 -0.05
464.29 0.5 -0.05
474.85 0.59 -0.05
503.94 0.68 -0.05
514.04 0.93 -0.05
542.37 1.06 -0.05
558.81 0.44 -0.05
576.9 1.87 -0.05
586.15 0.74 -0.05
597.43 0.46 -0.05
