7.14 1.32 -0.17
11.28 0.95 -0.17
22.6 0.89 -0.17
43.74 1.13 -0.17
49.68 0.69 -0.17
64.25 0.83 -0.17
118.91 0.43 -0.17
128.13 0.53 -0.17
150.56 0.58 -0.17
155.3 0.97 -0.17
164.6 1.21 -0.17
185.86 0.75 -0.17
196.31 0.49 -0.17
217.83 0.39 -0.17
223.35 1.01 -0.17
232.49 0.46 -0.17
251.27 0.73 1.83
260.18 0.62 -0.17
281.58 0.45 -0.17
291.41 0.68 -0.17
302.01 0.45 -0.17
318.78 1.46 -0.17
334.48 0.52 -0.17
351.03 0.65 -0.17
361.15 0.78 -0.17
381.6 0.71 -0.17
385.98 0.84 -0.17
390.73 0.7 -0.17
411.86 0.55 -0.17
417.51 0.38 -0.17
421.71 0.5 -0.17
451.16 1.09 -0.17
455.42 1.02 -0.17
465.76 0.78 -0.17
482.28 0.96 -0.17
486.38 0.73 -0.17
497.58 1.14 -0.17
517 0.47 1.83
522.57 1.15 0.83
532.79 0.77 -0.17
555.03 0.61 1.83
560.18 0.96 0.83
570.43 0.76 -0.17
593.28 1.01 -0.17
597.73 1.53 -0.17
606.43 0.69 -0.17
