5.2 0.75 -0.13
16.69 0.8 -0.13
37.82 0.36 -0.13
43.04 0.68 -0.13
47.22 0.58 -0.13
69.23 0.54 1.87
79.23 0.6 -0.13
89.62 0.77 -0.13
106.56 0.43 -0.13
110.67 0.67 -0.13
115.22 0.47 -0.13
124.33 0.8 -0.13
141.63 0.38 -0.13
152.33 0.61 -0.13
161.07 0.32 -0.13
179.41 0.32 -0.13
184.89 0.4 -0.13
200.97 0.65 -0.13
217.35 0.61 -0.13
229.03 0.63 -0.13
234.67 0.61 -0.13
239.67 0.43 -0.13
256.8 0.56 -0.13
261.54 0.48 -0.13
287.52 0.37 -0.13
297.75 0.38 -0.13
322.13 0.62 -0.13
328.12 0.63 -0.13
337.54 0.7 -0.13
357.79 0.73 1.87
369.55 0.6 -0.13
391 0.57 -0.13
401.72 1.03 -0.13
426.01 0.6 -0.13
430.21 0.87 -0.13
445.54 0.53 -0.13
469 0.75 -0.13
479.69 0.65 -0.13
502.31 1.01 1.87
512.12 0.82 -0.13
534.36 0.41 -0.13
546.17 0.31 -0.13
556.14 0.79 -0.13
572.68 0.9 -0.13
588.23 0.7 -0.13
