5.14 0.59 -0.17
10.79 0.37 -0.17
25.58 0.36 -0.17
42.36 0.38 -0.17
47.5 0.38 -0.17
56.76 0.4 -0.17
78.07 0.38 -0.17
93.14 0.43 -0.17
114.42 0.46 1.83
123.78 0.44 -0.17
135.49 0.46 -0.17
152.79 0.38 -0.17
163.12 0.4 -0.17
184.6 0.35 -0.17
193.85 0.57 -0.17
223.13 0.48 -0.17
232.66 0.6 -0.17
289.22 0.49 -0.17
299.19 0.36 -0.17
309.4 0.39 -0.17
326.45 0.39 -0.17
330.83 0.38 -0.17
344.9 0.48 -0.17
361.36 0.54 1.83
365.69 0.38 0.83
375.08 0.44 -0.17
399.2 0.49 -0.17
405.19 0.36 -0.17
409.79 0.34 -0.17
415.02 0.36 -0.17
435.24 0.62 -0.17
446.09 0.48 -0.17
469.3 0.39 -0.17
477.65 0.48 -0.17
505.67 0.63 -0.17
509.97 0.44 -0.17
514.11 0.61 -0.17
535.12 0.45 1.83
546.58 0.35 -0.17
568.39 0.38 -0.17
584.34 0.56 -0.17
589.86 0.36 -0.17
