6.73 0.72 -0.09
11.22 1.45 -0.09
21.93 0.68 -0.09
44.23 0.56 1.91
54.12 0.68 -0.09
64.28 0.72 -0.09
81.42 0.44 -0.09
87.08 0.67 -0.09
97.71 0.76 -0.09
123.03 0.42 -0.09
133.03 0.65 -0.09
156.44 0.78 -0.09
165.91 0.54 -0.09
175.52 0.56 -0.09
192.69 0.69 -0.09
202.99 0.86 -0.09
212.24 0.52 -0.09
229.96 0.62 -0.09
235.05 0.53 -0.09
244.33 0.78 -0.09
271.31 0.61 -0.09
282.03 0.77 -0.09
299.36 0.61 1.91
313.11 0.56 -0.09
335.48 0.75 -0.09
346.36 0.49 -0.09
351.26 0.81 -0.09
404.97 1.06 -0.09
409.4 2.28 -0.09
418.82 0.8 -0.09
439.57 0.75 -0.09
444.13 0.67 -0.09
473.75 0.67 -0.09
478.44 1.18 -0.09
489.36 0.65 -0.09
509.95 0.72 -0.09
519.69 0.55 -0.09
541.09 1.65 -0.09
550.51 1.08 -0.09
571.2 0.53 -0.09
580.42 0.64 -0.09
604.39 0.46 -0.09
614.75 0.73 -0.09
626.39 0.82 -0.09
