12.3 0.78 -0.38
22.96 0.46 -0.38
45.62 2.58 1.62
56.06 0.97 -0.38
79.79 0.73 3.62
85.42 0.8 2.62
101.83 1.12 -0.38
121.24 2.48 -0.38
133.09 0.97 -0.38
157.68 1.02 1.62
167.99 1.68 -0.38
188.3 2.46 -0.38
199.47 1.11 -0.38
230.45 0.75 -0.38
241.26 0.6 -0.38
247 0.67 -0.38
252.13 0.74 -0.38
269.32 0.7 -0.38
283.52 0.57 -0.38
306.7 0.6 -0.38
312.75 0.54 -0.38
340.49 0.87 1.62
351.99 0.54 -0.38
373.92 2 -0.38
390.52 1.17 -0.38
396.43 0.61 -0.38
412.22 0.76 -0.38
422.11 0.59 -0.38
445.35 0.88 1.62
456.94 0.46 -0.38
465.87 0.46 -0.38
488.47 0.47 -0.38
498.1 0.65 -0.38
513.51 0.73 -0.38
522.98 0.62 -0.38
544.29 0.73 -0.38
550.15 0.52 -0.38
555.36 1.19 -0.38
566.31 0.44 -0.38
