7.92 0.67 -0.19
13.99 0.69 -0.19
23.13 0.77 -0.19
46.01 0.91 -0.19
62.17 0.65 -0.19
79.31 0.79 1.81
87.85 0.81 -0.19
96.24 1.34 -0.19
114.33 0.69 1.81
125.19 0.73 -0.19
146.41 0.58 -0.19
150.6 0.88 -0.19
161.74 0.72 -0.19
336.57 1.02 -0.19
346 0.46 -0.19
357.21 0.6 -0.19
374.88 0.82 -0.19
384.17 0.76 -0.19
408.24 1.04 1.81
417.99 0.64 -0.19
439.98 0.63 -0.19
450.24 0.61 -0.19
476.48 0.45 -0.19
508.66 1.13 -0.19
519.27 0.74 -0.19
541.62 0.54 -0.19
545.91 0.7 -0.19
555.49 1.05 -0.19
578.56 1.52 -0.19
587.89 0.51 -0.19
598.54 0.58 -0.19
