6.29 0.76 -0.17
11.72 1.02 -0.17
20.7 1.41 -0.17
43.91 2.34 -0.17
54.43 0.49 -0.17
65.52 0.66 -0.17
83.99 0.7 -0.17
88.63 0.61 -0.17
99.25 0.52 -0.17
121.58 0.59 -0.17
131.01 1.11 -0.17
142.49 0.51 -0.17
157.63 0.78 1.83
167.62 0.58 -0.17
188.21 1.23 -0.17
197.42 1.02 -0.17
219.68 0.6 -0.17
229.71 0.59 -0.17
238.9 1.12 -0.17
258.47 1.43 -0.17
263.52 0.81 -0.17
274.11 0.72 -0.17
297.06 0.53 -0.17
301.56 0.61 -0.17
311.08 1.07 -0.17
334.42 3.11 1.83
340.51 0.47 0.83
351.98 0.61 -0.17
374.93 2.44 -0.17
385.91 0.73 -0.17
407.78 1.76 1.83
418.32 0.61 -0.17
442.43 0.62 -0.17
447.45 0.57 -0.17
459.02 1.61 -0.17
477.55 1.91 -0.17
494.23 0.53 -0.17
510.83 0.73 -0.17
521.28 1.11 -0.17
580.42 0.39 -0.17
590.46 0.57 -0.17
595.08 0.6 -0.17
