7.05 0.58 -0.11
16.32 0.52 -0.11
21.15 0.45 -0.11
25.29 0.92 -0.11
42.7 1.98 -0.11
51.71 0.45 -0.11
60.91 0.44 -0.11
127.1 0.43 -0.11
131.53 0.42 -0.11
137.39 1.38 -0.11
147.64 0.46 -0.11
164.72 0.38 -0.11
169.04 0.41 -0.11
178.98 0.42 -0.11
199.24 0.51 -0.11
209.79 0.38 -0.11
215.71 0.43 -0.11
220.53 0.44 -0.11
236.94 0.65 1.89
242.95 0.8 0.89
252.6 0.59 -0.11
311.35 0.48 -0.11
322.44 1.44 -0.11
342.98 0.54 -0.11
348.61 0.45 -0.11
357.31 0.5 -0.11
380.98 0.54 -0.11
391.32 1.02 -0.11
401.72 0.41 -0.11
417.26 0.43 -0.11
422.31 0.69 -0.11
427.68 0.43 -0.11
454.45 0.85 -0.11
464.32 1.14 -0.11
484.5 2.12 1.89
494.81 0.45 -0.11
515.65 0.45 -0.11
526.39 0.49 -0.11
535.46 0.62 -0.11
550.83 0.67 -0.11
561.39 0.65 -0.11
571.2 0.44 -0.11
589.31 0.45 -0.11
598.54 0.42 -0.11
