6.48 0.69 1.92
11.35 1.02 0.92
16.19 0.94 -0.08
48.12 0.58 -0.08
58.1 0.55 -0.08
73.11 1.16 -0.08
82.62 1.13 -0.08
110.73 0.86 -0.08
120.84 0.7 -0.08
136.7 0.89 -0.08
146.66 0.96 -0.08
152.16 0.85 -0.08
157.2 0.68 -0.08
225.03 0.85 -0.08
235.79 0.71 -0.08
257.32 1.34 -0.08
261.89 1.66 -0.08
272.1 0.75 -0.08
295.74 1.08 -0.08
304.88 0.64 -0.08
365.4 0.62 -0.08
369.83 0.71 -0.08
402.45 0.5 -0.08
411.17 0.61 -0.08
415.34 0.58 -0.08
432.17 0.9 -0.08
442.11 1.2 -0.08
447.33 1.27 -0.08
463.1 0.93 -0.08
473.32 0.86 -0.08
494.36 0.74 -0.08
505.38 0.56 -0.08
528.49 0.89 -0.08
538.49 0.45 -0.08
560.36 0.78 -0.08
571.64 0.7 -0.08
599.31 0.57 -0.08
603.74 0.49 -0.08
614.73 0.64 -0.08
