10.12 0.54 -0.34
15.13 0.52 -0.34
21.16 1.39 -0.34
43.24 0.61 -0.34
48.42 1.54 -0.34
59.32 0.57 -0.34
85.84 0.45 -0.34
101.55 0.99 -0.34
119.4 0.68 1.66
124.36 1.19 0.66
150 0.45 -0.34
159.53 1.18 -0.34
169.36 0.74 -0.34
185.13 1.62 -0.34
201.09 0.73 -0.34
216.41 0.5 -0.34
226.75 0.44 -0.34
232 0.4 -0.34
236.32 1.01 -0.34
253.02 0.32 1.66
258.05 0.36 0.66
262.84 0.62 -0.34
288.78 0.71 -0.34
294.5 0.69 -0.34
309.5 0.6 -0.34
327.75 0.72 -0.34
332.13 0.56 -0.34
343.81 0.62 -0.34
366.14 0.69 -0.34
370.66 2.68 -0.34
379.41 0.97 -0.34
402.03 0.48 -0.34
410.74 0.65 -0.34
432.27 0.65 -0.34
437.74 0.57 -0.34
471.11 0.4 -0.34
487.33 0.73 -0.34
503.92 0.73 1.66
513.32 0.94 -0.34
535.93 0.52 3.66
541.42 0.71 2.66
557.03 0.22 -0.34
575.6 0.12 -0.34
584.13 0.65 -0.34
