5.6 0.72 -0.17
16.58 0.54 -0.17
26.4 1.08 -0.17
44.99 0.73 1.83
55.4 3.11 -0.17
60.07 0.57 -0.17
70.66 0.71 -0.17
89.71 0.67 -0.17
100.4 0.81 -0.17
110.69 0.85 -0.17
129.36 0.68 1.83
134.46 0.81 0.83
143.87 0.63 -0.17
167.1 0.43 -0.17
171.37 0.53 -0.17
181.24 0.53 -0.17
205.56 0.8 -0.17
216.29 0.74 -0.17
227.19 0.74 -0.17
244.24 0.88 -0.17
249.14 0.62 -0.17
259.42 0.48 -0.17
282.87 0.79 -0.17
292.37 0.53 -0.17
302.9 0.54 -0.17
320.79 0.62 1.83
324.97 0.51 0.83
353.67 0.64 -0.17
358.4 1.09 -0.17
368.06 0.47 -0.17
389.92 1.22 -0.17
395.98 0.72 -0.17
405.83 0.67 -0.17
423.73 1.34 -0.17
428.86 0.77 -0.17
439.8 0.79 -0.17
493.82 0.58 -0.17
503.27 0.53 -0.17
509.12 0.6 -0.17
526.47 0.66 -0.17
537.31 0.9 -0.17
547.09 0.5 -0.17
562.55 0.87 -0.17
572.33 0.7 -0.17
582.37 0.64 -0.17
597.99 0.9 -0.17
607.59 0.62 -0.17
616.73 0.58 -0.17
