7.45 0.42 1.62
12.08 0.64 0.62
21.91 0.58 -0.38
44.37 0.68 1.62
55.34 0.53 -0.38
77.46 0.58 -0.38
87.29 0.54 -0.38
109.97 0.54 -0.38
121.28 0.46 -0.38
131.26 0.48 -0.38
152.93 0.54 -0.38
167.19 0.5 -0.38
216.08 0.37 1.62
220.84 0.45 0.62
231.37 0.54 -0.38
254.02 0.47 -0.38
259.17 0.54 -0.38
273.78 0.62 -0.38
289.13 0.46 -0.38
299.1 0.57 -0.38
359.83 0.37 -0.38
369.58 0.44 -0.38
379.55 0.55 -0.38
395.85 0.49 -0.38
400.13 0.49 -0.38
416.21 0.59 -0.38
433.06 0.48 1.62
443.68 0.51 -0.38
464.94 0.46 -0.38
474.41 0.51 -0.38
496 0.51 -0.38
500.74 0.62 -0.38
512.32 0.69 -0.38
528.01 0.54 1.62
536.83 0.47 -0.38
559.29 0.61 1.62
567.51 0.65 -0.38
