5.17 2.97 -0.2
15.97 0.64 -0.2
20.93 1.05 -0.2
26.7 0.59 -0.2
43.84 0.72 -0.2
48.59 1.05 -0.2
58.43 0.8 -0.2
79.13 0.6 -0.2
90.42 1.61 -0.2
112.19 0.89 1.8
123.43 1.92 -0.2
134.34 0.99 -0.2
151.95 0.52 -0.2
160.94 1.37 -0.2
171.89 0.56 -0.2
189.09 0.76 -0.2
193.46 0.8 -0.2
204.37 1.06 -0.2
220.46 0.91 1.8
230.5 0.63 -0.2
239.94 0.83 -0.2
259.37 0.38 -0.2
274 0.87 -0.2
292.38 0.45 -0.2
307.09 0.58 -0.2
330.16 1.35 -0.2
340.91 0.48 -0.2
364.36 3.04 -0.2
370.14 1.03 -0.2
385.2 0.49 -0.2
401.64 1.27 1.8
412.69 0.89 -0.2
421.51 0.71 -0.2
485.43 0.5 -0.2
494.94 0.61 -0.2
517.17 0.64 1.8
521.51 0.43 0.8
533.01 0.71 -0.2
557.14 0.41 -0.2
565.53 0.37 -0.2
576.55 0.73 -0.2
594.81 0.33 -0.2
604.64 0.6 -0.2
609.23 0.82 -0.2
