6.82 0.75 1.96
18.3 0.45 -0.04
78.52 0.67 -0.04
83.9 0.61 -0.04
94.74 0.51 -0.04
113.41 2.44 -0.04
123.13 0.66 -0.04
142.88 1.69 -0.04
146.98 0.89 -0.04
157.28 0.39 -0.04
173.38 0.38 -0.04
178.82 0.94 -0.04
206.81 1.74 -0.04
217.12 0.33 -0.04
244.97 0.43 -0.04
256.56 0.41 -0.04
261.81 0.51 -0.04
278.15 0.32 -0.04
294.42 0.51 -0.04
312.09 0.62 -0.04
317.72 0.81 -0.04
326.91 0.49 -0.04
342.96 0.52 -0.04
347.22 0.32 -0.04
361.73 0.67 -0.04
377.3 0.5 -0.04
382.68 0.63 -0.04
393.87 0.47 -0.04
398.84 0.38 -0.04
416.3 0.34 -0.04
426.78 0.45 -0.04
436.97 1.09 -0.04
456.17 0.36 -0.04
466.19 0.46 -0.04
475.56 0.42 -0.04
491.69 0.37 -0.04
505.12 0.36 -0.04
522.84 0.68 -0.04
531.52 0.51 -0.04
540.69 0.4 -0.04
558.1 0.43 -0.04
562.87 0.51 -0.04
567.02 0.4 -0.04
600.45 0.33 -0.04
610.53 0.36 -0.04
616.27 0.38 -0.04
