62.02 1.2 -0.11
72.13 1 -0.11
80.41 1.01 -0.11
98.16 0.77 -0.11
109.04 0.92 -0.11
132.22 0.8 -0.11
141.01 0.99 -0.11
155.43 1.07 -0.11
172.85 0.76 -0.11
181.85 0.95 -0.11
191.2 1.13 -0.11
209.04 0.85 -0.11
220.09 0.89 -0.11
242.54 1.19 -0.11
252.1 0.95 -0.11
263.33 0.69 -0.11
281.9 0.79 -0.11
298.2 0.8 -0.11
314.69 0.82 -0.11
325.25 0.74 -0.11
360.22 1.18 -0.11
374.85 0.69 -0.11
397.83 2.6 -0.11
408.5 1.02 -0.11
431.65 1.14 1.89
442.92 1.05 -0.11
466.94 0.62 -0.11
472.87 0.91 -0.11
500.98 1.96 -0.11
510.7 1.01 -0.11
521.29 0.85 -0.11
543.47 0.62 -0.11
551.96 0.46 -0.11
556.54 1.36 -0.11
573.52 1.6 1.89
584.2 0.96 -0.11
