98.95 0.78 1.76
108.55 1.04 -0.24
130.63 1.24 -0.24
141.16 0.86 -0.24
169.57 0.5 -0.24
175 0.95 -0.24
184.84 0.59 -0.24
206.36 0.86 -0.24
210.49 0.59 -0.24
240.91 0.94 1.76
249.99 0.98 -0.24
272.39 1.38 -0.24
281.4 0.81 -0.24
285.96 0.79 -0.24
291.06 0.7 -0.24
313.54 1.02 -0.24
325.18 1.36 -0.24
346.42 0.64 -0.24
355.64 0.49 -0.24
378.76 0.85 -0.24
388.62 1.18 -0.24
394.1 2.52 -0.24
409.82 0.64 1.76
414.58 0.8 0.76
423.32 0.72 -0.24
448.95 1.23 -0.24
457.99 0.68 -0.24
480.35 0.79 -0.24
484.7 0.79 -0.24
498.8 1.1 -0.24
514.9 1.63 -0.24
524.07 0.95 -0.24
533.84 0.56 -0.24
550.53 1.12 1.76
561.72 1.08 -0.24
583.37 0.92 -0.24
588.02 1.15 -0.24
597.33 0.67 -0.24
