6.6 3.05 -0.17
12.13 2.38 -0.17
38.48 1.73 -0.17
63.08 0.94 -0.17
68.14 1.41 -0.17
78.17 3.04 -0.17
82.25 0.81 -0.17
105.34 0.83 -0.17
120.36 0.51 -0.17
138.3 1.02 -0.17
148.46 1.23 -0.17
176.8 1.33 1.83
191.83 0.48 -0.17
208.61 1.12 1.83
213.73 0.94 0.83
225.51 1.05 -0.17
247.66 2.79 1.83
257.25 1.81 -0.17
278.22 1.61 -0.17
292.71 0.96 -0.17
297.41 1.11 -0.17
315.94 1.33 -0.17
326.73 1.34 -0.17
357.99 1.26 -0.17
368.88 1.13 -0.17
374.31 0.53 -0.17
390.46 0.92 -0.17
395.92 1.47 -0.17
425.24 0.99 -0.17
430.83 1.04 -0.17
457.69 0.96 -0.17
468.94 0.96 -0.17
489.89 0.6 -0.17
505.94 1.14 -0.17
522.46 0.79 -0.17
538.25 0.77 -0.17
555.1 0.92 -0.17
565.56 0.59 -0.17
585.84 0.96 -0.17
595.89 0.9 -0.17
601.6 1.09 -0.17
605.97 1.39 -0.17
