71.58 0.93 -0.15
80.84 0.83 -0.15
85.45 0.62 -0.15
91.25 0.67 -0.15
107.69 0.88 1.85
117.14 0.65 -0.15
126.35 0.94 -0.15
143.2 0.9 -0.15
152.66 1.31 -0.15
162.21 0.64 -0.15
179.04 1.42 -0.15
183.97 1.16 -0.15
193.92 0.85 -0.15
216.27 0.89 -0.15
224.86 1.4 -0.15
246.37 0.75 -0.15
256.27 1.26 -0.15
282.63 1.06 -0.15
291.27 0.92 -0.15
313.87 0.75 1.85
325.02 0.71 -0.15
390.09 0.99 -0.15
394.85 1.46 -0.15
403.66 0.82 -0.15
428.44 0.63 1.85
439.71 0.8 -0.15
449.08 0.68 -0.15
467.19 0.56 -0.15
478.61 0.72 -0.15
489 0.65 -0.15
508.69 0.65 -0.15
513.7 0.56 -0.15
519.36 1.23 -0.15
540.53 1.55 -0.15
551.29 0.67 -0.15
573.78 0.7 -0.15
583.72 1.44 -0.15
588.89 3.03 -0.15
598.54 1.17 -0.15
