5.33 3.15 1.72
10.18 3.12 0.72
15.86 3.12 -0.28
20.91 3.1 -0.28
26.27 0.86 -0.28
42.97 1.28 -0.28
69.29 1.33 -0.28
83.46 1.13 -0.28
107.21 1.72 -0.28
118.96 1.4 -0.28
124.03 1.94 -0.28
147.47 2.86 -0.28
162.83 0.85 -0.28
180.6 2.53 -0.28
185.48 1.12 -0.28
190.98 1.16 -0.28
220.11 0.86 -0.28
247.67 2.97 -0.28
253.13 1.01 -0.28
268.87 0.68 -0.28
285.51 3.12 1.72
290.65 3.12 0.72
296.18 0.47 -0.28
306.14 0.97 -0.28
329.39 0.86 -0.28
345.47 0.57 -0.28
364.73 2.13 -0.28
378.86 1.15 -0.28
396.1 3.12 1.72
401.55 3.11 0.72
407.07 1.07 -0.28
417.42 1.97 -0.28
444.86 2.29 -0.28
454.31 0.72 -0.28
463.52 0.52 -0.28
479.89 1.57 1.72
489.79 0.76 -0.28
511.78 3.11 -0.28
516.08 1.03 -0.28
530.11 1.67 -0.28
541.22 0.83 -0.28
558.37 1.41 -0.28
568.05 0.63 -0.28
577.68 1.28 -0.28
595.3 2.46 1.72
604.69 0.82 -0.28
