5.59 0.78 -0.14
16.64 0.78 -0.14
39 0.53 -0.14
54.01 0.45 -0.14
70.86 0.82 1.86
84.93 0.49 -0.14
163.18 0.82 -0.14
173.43 1.12 -0.14
185.01 0.95 -0.14
206.3 0.92 -0.14
216.62 0.73 -0.14
238.35 2.46 -0.14
248.02 0.74 -0.14
258.75 0.52 -0.14
275.51 0.57 -0.14
291.56 0.6 -0.14
308.64 0.66 -0.14
317.44 0.9 -0.14
339.99 0.93 -0.14
350.49 0.52 -0.14
359.85 0.44 -0.14
377.75 0.47 -0.14
387.53 0.47 -0.14
396.8 0.38 -0.14
415.33 0.51 -0.14
425.39 0.51 -0.14
446.9 0.56 -0.14
457.6 0.37 -0.14
467.71 0.68 -0.14
528.15 0.71 1.86
533.5 0.88 0.86
544.91 0.52 -0.14
575.21 0.44 -0.14
580.1 0.82 -0.14
585.95 1.14 -0.14
