7.04 0.72 -0.16
18.7 0.41 -0.16
23.21 0.82 -0.16
27.36 0.81 -0.16
44.91 0.48 -0.16
54.22 0.81 -0.16
75.19 1.09 -0.16
80.09 0.91 -0.16
90.58 0.59 -0.16
115.32 0.88 -0.16
130.81 0.54 -0.16
146.83 0.84 -0.16
152.57 2.02 -0.16
180.36 0.64 -0.16
185.07 0.6 -0.16
194.15 0.85 -0.16
213.92 0.96 -0.16
218.76 0.75 -0.16
233.42 0.81 -0.16
248.88 1.25 1.84
253.39 0.9 0.84
280.55 0.47 -0.16
290.09 0.54 -0.16
299.39 0.76 -0.16
361.74 0.47 -0.16
372.32 0.64 -0.16
383.8 0.7 -0.16
402.64 0.57 1.84
411.14 0.93 -0.16
432.26 0.72 -0.16
437.36 0.77 -0.16
447.71 0.58 -0.16
464.51 0.51 -0.16
469.2 0.87 -0.16
473.51 0.93 -0.16
495.69 0.47 -0.16
500.59 0.5 -0.16
514.73 0.69 -0.16
532.27 0.43 -0.16
537.84 0.78 -0.16
543.39 0.81 -0.16
564.62 0.86 1.84
575.57 1.2 -0.16
602.57 1.86 -0.16
611.82 1.7 -0.16
