5.53 0.87 -0.16
16.17 1.48 -0.16
41.35 0.68 -0.16
51.35 1.03 -0.16
73.55 0.87 1.84
89.9 0.42 -0.16
105.12 0.88 -0.16
120.13 0.83 -0.16
142.42 0.7 -0.16
151.89 0.91 -0.16
174.18 1.02 -0.16
179.33 0.79 -0.16
192.9 0.81 -0.16
208.52 1.08 -0.16
224.13 1.1 -0.16
243.55 0.7 1.84
254.46 0.86 -0.16
282.33 1.68 -0.16
308.99 0.74 -0.16
317.67 0.91 -0.16
382.16 0.8 -0.16
388.07 0.88 -0.16
398.57 1.27 -0.16
421.34 2.03 -0.16
430.44 1.07 -0.16
440.17 0.93 -0.16
457.88 1.15 -0.16
468.05 1.25 -0.16
490.01 1.01 -0.16
494.77 0.99 -0.16
505.6 1.11 -0.16
521.48 0.89 1.84
532.35 1.47 -0.16
554.02 0.89 -0.16
565.08 1.33 -0.16
585.58 1.07 -0.16
599.51 2.3 -0.16
604.3 0.84 -0.16
