6.79 0.85 -0.2
11 0.43 -0.2
25.74 0.35 -0.2
43.22 0.68 -0.2
55.17 0.61 -0.2
78.35 0.71 -0.2
83.74 0.39 -0.2
97.74 0.43 -0.2
115.21 0.43 -0.2
125.45 0.87 -0.2
135.26 0.47 -0.2
152.65 0.91 -0.2
158.42 0.61 -0.2
168.58 0.48 -0.2
186.97 1.19 -0.2
195.81 0.91 -0.2
219.96 1.81 1.8
230.15 1.21 -0.2
286.18 0.72 -0.2
296.24 0.83 -0.2
318.55 0.64 -0.2
333.1 0.65 -0.2
349.64 1.1 1.8
360.32 0.9 -0.2
368.98 1.57 -0.2
385.06 0.49 1.8
395.26 0.39 -0.2
405.5 0.41 -0.2
421.39 0.45 1.8
431.1 0.42 -0.2
452.28 0.73 -0.2
461.4 0.98 -0.2
485.82 0.51 -0.2
490.23 1.27 -0.2
500.54 0.76 -0.2
523.44 0.55 -0.2
534.11 0.85 -0.2
556.03 0.68 -0.2
560.12 0.98 -0.2
565.5 0.52 -0.2
