5.66 0.75 -0.18
10.59 0.8 -0.18
20.57 0.87 -0.18
40.12 1.8 -0.18
50.84 0.74 -0.18
60.28 0.59 -0.18
76.9 0.67 -0.18
82.11 0.71 -0.18
92.11 0.74 -0.18
113.1 0.6 -0.18
129.61 0.74 -0.18
145.56 1.49 -0.18
155.84 0.55 -0.18
179.71 0.68 1.82
189.46 0.79 -0.18
212.66 0.64 -0.18
222.84 0.73 -0.18
232.89 0.83 -0.18
250.23 0.55 -0.18
255.06 1.21 -0.18
282.42 1.47 -0.18
287.66 0.8 -0.18
297.43 0.49 -0.18
320.51 0.72 -0.18
336.62 0.68 -0.18
354.38 0.57 1.82
365.16 0.54 -0.18
388.29 1.69 -0.18
392.73 1.85 -0.18
401.59 0.84 -0.18
424.6 2.63 1.82
434.93 0.64 -0.18
460.49 1.31 -0.18
469.91 0.52 -0.18
491.09 1.66 -0.18
501.49 0.79 -0.18
512 0.9 -0.18
530.57 0.52 -0.18
535.29 0.65 -0.18
550.77 0.82 -0.18
566.54 1.13 -0.18
577.29 0.61 -0.18
598.71 1.44 1.82
609.11 0.81 -0.18
