6.4 0.56 -0.33
16.72 0.4 -0.33
84.65 0.41 -0.33
93.87 0.36 -0.33
161.09 0.36 -0.33
166.53 0.6 -0.33
177.62 0.51 -0.33
194.31 0.53 1.67
206.13 0.43 -0.33
234.62 0.68 -0.33
245.19 0.61 -0.33
267.31 1.03 -0.33
281.97 0.46 -0.33
298.51 0.37 -0.33
309.77 0.81 -0.33
319.46 0.33 -0.33
371.12 0.47 -0.33
380.91 0.41 -0.33
404.17 0.78 1.67
414.17 0.45 -0.33
435.71 0.95 -0.33
444.63 0.7 -0.33
466.7 0.45 -0.33
476.95 0.43 -0.33
488.09 0.43 -0.33
505.7 0.48 -0.33
511.19 0.36 -0.33
521.31 0.41 -0.33
543.98 0.35 3.67
548.55 0.39 2.67
563.65 0.42 -0.33
580.35 0.35 -0.33
589.87 0.49 -0.33
