7.49 0.53 1.29
17.47 0.56 -0.71
29.44 0.62 -0.71
86.37 2.36 -0.71
101.93 1.25 -0.71
123.95 0.41 -0.71
132.56 0.85 -0.71
194.02 0.57 -0.71
210 0.8 -0.71
231.77 0.66 0.29
240.15 0.8 -0.71
306.04 0.97 -0.71
315.77 0.5 -0.71
337.63 0.4 1.29
348.13 0.61 -0.71
419.12 1.3 1.29
424.28 0.58 0.29
451.33 1.22 0.29
456.49 0.93 -0.71
471.25 0.59 -0.71
488.66 0.6 3.29
493.18 0.6 2.29
503.09 0.45 0.29
527.02 0.61 -0.71
537.31 0.42 -0.71
559.21 1.55 1.29
569.12 0.85 -0.71
580.23 1.8 -0.71
596.53 2.24 1.29
600.6 0.74 0.29
609.62 0.49 -0.71
