6.97 1.04 1.89
18.45 0.74 -0.11
144.89 1.19 -0.11
156.47 0.79 -0.11
166 0.69 -0.11
182.06 1.79 -0.11
193.39 0.63 -0.11
204.12 0.73 -0.11
222.99 2.99 -0.11
227.98 3.1 -0.11
232.61 1.56 -0.11
246.8 0.97 -0.11
262.94 0.73 -0.11
272.41 0.62 -0.11
284.47 0.8 -0.11
301.28 1.42 -0.11
310.13 0.53 -0.11
333.53 0.73 -0.11
339.64 0.9 -0.11
350.8 0.64 -0.11
374.31 0.68 -0.11
385.68 0.56 -0.11
396.25 0.71 -0.11
413.93 0.79 1.89
424.49 0.97 -0.11
444.28 1.59 -0.11
454.09 0.54 -0.11
475.09 1.89 -0.11
485.47 0.84 -0.11
513.62 1.67 -0.11
522.83 0.53 -0.11
542.87 0.57 -0.11
553.14 0.65 -0.11
563.06 1.46 -0.11
580.47 1.74 -0.11
589.9 1.11 -0.11
