5.12 1.21 -0.28
21.07 0.42 -0.28
38.65 0.56 1.72
49.35 0.42 -0.28
70.81 0.5 -0.28
76.16 0.42 -0.28
86.65 0.39 -0.28
114.82 0.46 -0.28
197.95 0.88 -0.28
209.87 0.8 -0.28
227.76 0.9 1.72
237.29 0.4 -0.28
295.32 0.75 -0.28
300.25 0.39 -0.28
327.75 0.59 1.72
337.61 0.43 -0.28
361.07 0.39 1.72
370.81 0.38 -0.28
399.54 0.84 -0.28
411.33 0.74 -0.28
416.95 0.35 -0.28
434.58 0.53 1.72
443.34 0.42 -0.28
453.81 0.67 -0.28
470.21 0.5 -0.28
474.26 0.43 -0.28
503.2 0.6 -0.28
508.25 0.44 -0.28
512.4 0.42 -0.28
517.3 1.42 -0.28
540.09 0.58 -0.28
550.01 0.4 -0.28
555.54 0.36 -0.28
559.95 0.42 -0.28
578.31 0.36 -0.28
587.91 0.38 -0.28
