89.84 0.46 -0.11
104.77 0.65 -0.11
122.49 0.77 -0.11
133.58 0.71 -0.11
154.12 0.51 -0.11
159.1 0.75 -0.11
169.68 0.58 -0.11
186.01 0.48 -0.11
200.75 0.52 -0.11
215.88 0.75 1.89
226.63 0.47 -0.11
237.75 0.37 -0.11
258.77 1.12 -0.11
269.26 0.6 -0.11
290.07 0.75 -0.11
296.08 0.7 -0.11
321.31 1.06 -0.11
335.94 0.96 -0.11
340.46 2.95 -0.11
355.13 1 -0.11
359.43 0.83 -0.11
373.91 0.49 -0.11
390.41 0.51 1.89
399.9 0.84 -0.11
426.34 0.64 -0.11
438.16 0.38 -0.11
458.1 0.67 -0.11
468.61 0.5 -0.11
491.92 0.73 -0.11
501.72 0.54 -0.11
523.45 0.69 -0.11
529.44 0.55 -0.11
542.79 0.49 -0.11
565.61 0.9 -0.11
575.77 0.42 -0.11
603.89 0.37 -0.11
614.27 0.63 -0.11
618.67 0.56 -0.11
