5.32 0.76 1.77
10.08 0.8 0.77
20.51 0.5 -0.23
40.15 0.56 1.77
49.45 0.49 -0.23
59.54 1.21 -0.23
77.99 0.64 -0.23
86.53 0.9 -0.23
107.77 0.52 -0.23
116.68 0.75 -0.23
138.05 0.55 -0.23
142.81 0.54 -0.23
153.17 0.45 -0.23
177.61 0.49 -0.23
189.14 0.72 -0.23
198.72 0.5 -0.23
251.46 0.45 -0.23
260.82 0.6 -0.23
266.14 0.44 -0.23
271.19 0.35 -0.23
288.22 0.52 -0.23
298.15 0.46 -0.23
307.68 0.56 -0.23
324.57 0.52 -0.23
339.95 0.49 -0.23
358.3 0.48 -0.23
362.49 0.59 -0.23
397.68 0.45 -0.23
407.64 0.55 -0.23
431.33 0.52 1.77
435.82 0.47 0.77
440.46 0.42 -0.23
466.1 0.71 -0.23
471.09 1.23 -0.23
480.78 0.76 -0.23
501.82 0.67 1.77
511.68 0.46 -0.23
534.47 0.71 -0.23
544.18 0.5 -0.23
555.78 0.47 -0.23
571.76 0.66 -0.23
583.61 0.56 -0.23
592.67 0.52 -0.23
