6.73 0.56 1.83
10.9 1.44 0.83
20.24 0.68 -0.17
41.72 0.85 -0.17
52.48 0.83 -0.17
56.91 0.56 -0.17
73.9 0.66 -0.17
79.41 1 -0.17
95.12 1.73 -0.17
112.55 0.48 -0.17
121.87 0.65 -0.17
132.41 1 -0.17
149.32 0.47 -0.17
154.19 0.79 -0.17
166.11 0.6 -0.17
191.21 0.77 -0.17
201.55 0.43 -0.17
217.13 0.64 -0.17
223.17 0.96 -0.17
232.29 0.79 -0.17
255.85 0.49 -0.17
259.97 0.83 -0.17
288.28 0.46 1.83
298.42 1.06 -0.17
307.87 0.78 -0.17
332.41 0.85 -0.17
344.36 0.65 -0.17
367.57 0.57 -0.17
371.81 1.09 -0.17
382.48 0.46 -0.17
399.14 1.15 -0.17
403.53 0.48 -0.17
409.11 0.43 -0.17
436.13 0.57 -0.17
445.85 0.66 -0.17
468.59 0.69 -0.17
477.4 0.14 -0.17
499.79 0.47 -0.17
505.84 0.71 -0.17
516.88 0.86 -0.17
537.09 0.05 -0.17
547.37 0.68 -0.17
563.51 0.43 1.83
569.25 0.93 0.83
579.69 0.69 -0.17
604.04 0.45 -0.17
614.55 0.11 -0.17
