6.76 0.66 -0.21
12.06 0.48 -0.21
41.49 0.37 -0.21
47.1 0.53 -0.21
52.34 0.57 -0.21
80.8 0.62 1.79
91.37 0.62 -0.21
113.85 0.68 -0.21
123.63 0.64 -0.21
128.79 0.99 -0.21
146.33 0.85 -0.21
150.38 0.55 -0.21
155.03 0.7 -0.21
164.06 0.7 -0.21
180.08 1.5 -0.21
189.04 0.51 -0.21
249.78 0.93 -0.21
266.07 0.7 -0.21
288.04 0.49 -0.21
293.11 0.66 -0.21
297.89 0.52 -0.21
318.67 0.93 -0.21
328.42 0.53 -0.21
349.68 0.66 -0.21
355.56 0.61 -0.21
360.14 0.51 -0.21
387.33 1.15 1.79
397.83 0.77 -0.21
409.28 0.96 -0.21
428.3 0.49 1.79
437.92 0.57 -0.21
459.12 0.53 -0.21
465.05 0.53 -0.21
475.59 0.68 -0.21
492.11 1.12 -0.21
508.77 1.38 -0.21
531.22 1.47 -0.21
541.67 0.59 -0.21
563.12 0.69 1.79
567.85 0.59 0.79
578.05 0.49 -0.21
603.63 0.84 -0.21
613.24 1.44 -0.21
