5.33 0.76 -0.06
10.95 0.77 -0.06
27 0.76 -0.06
41.83 1.04 -0.06
50.32 0.69 -0.06
74.48 0.62 -0.06
85.15 0.82 -0.06
111.76 0.49 -0.06
122.89 1.03 -0.06
133.65 0.89 -0.06
151.42 0.66 -0.06
156.78 0.74 -0.06
165.69 0.72 -0.06
187.05 0.46 -0.06
197.57 0.71 -0.06
224 1.14 -0.06
229.63 0.71 -0.06
234.15 0.97 -0.06
264.71 0.54 -0.06
269.91 0.8 -0.06
281.65 0.65 -0.06
298.8 0.78 -0.06
308.48 0.65 -0.06
312.85 0.91 -0.06
316.97 1.4 -0.06
332.44 0.64 -0.06
343.15 0.84 -0.06
353.19 0.77 -0.06
370.3 0.45 -0.06
378.6 1.11 -0.06
389.07 0.85 -0.06
406.48 0.9 -0.06
417.97 0.47 -0.06
422.51 1.18 -0.06
427.01 1.17 -0.06
444.66 0.87 -0.06
449.59 0.66 -0.06
454.2 0.68 -0.06
477.91 0.87 -0.06
487.97 0.82 -0.06
515.38 1.54 -0.06
526.31 0.68 -0.06
542.64 1.43 -0.06
553.64 1.55 -0.06
575.82 0.41 1.94
580.78 0.87 0.94
591.02 0.84 -0.06
