6.68 1.96 -1.3
16.77 0.76 -1.3
28.32 0.81 -1.3
44.48 0.41 0.7
54.82 0.35 -1.3
60.26 0.62 -1.3
75.93 0.65 -1.3
85.52 0.79 -1.3
107.78 1.52 3.7
118.01 0.6 1.7
145.15 0.92 -0.3
160.44 3.04 -1.3
166.35 0.44 -1.3
187.43 0.45 -0.3
199.13 0.65 -1.3
219.48 0.89 1.7
224.73 0.45 0.7
249.29 0.66 -0.3
260.46 0.7 -1.3
281.18 1.14 -1.3
291.94 0.61 -1.3
316.32 0.52 4.7
321.94 0.96 3.7
331.02 0.76 1.7
347.87 1.24 0.7
362.59 1.46 -1.3
380.28 0.61 -0.3
386.08 0.94 -1.3
395.19 0.37 -1.3
417.66 1.46 2.7
423.51 0.93 1.7
431.98 0.82 -0.3
454.69 1.08 0.7
463.97 1.17 -1.3
485.73 2.12 -0.3
494.84 0.67 -1.3
504.61 0.69 -1.3
521.7 1.18 0.7
525.77 1.04 -0.3
552.14 0.62 0.7
563.41 0.59 -1.3
585.16 0.57 1.7
590.51 0.51 0.7
