43.72 0.6 -0.36
47.79 0.84 -0.36
57.65 1.92 -0.36
79.37 0.88 1.64
91.02 0.8 -0.36
114.67 0.6 -0.36
132.09 0.65 -0.36
148.63 0.39 -0.36
159.72 0.56 -0.36
186.02 2.08 -0.36
195.42 1.36 -0.36
218.24 0.74 1.64
222.66 1.57 0.64
233.92 1.4 -0.36
256.09 1.57 1.64
267.35 0.93 -0.36
288.19 0.59 1.64
298.8 0.8 -0.36
323.24 0.7 -0.36
332.74 0.94 -0.36
356.36 0.75 -0.36
366.33 0.93 -0.36
376.4 1.28 -0.36
394.37 0.97 1.64
400.46 1.23 0.64
409.18 0.76 -0.36
431.11 1.17 -0.36
436.13 1.68 -0.36
447.54 0.85 -0.36
470.97 0.84 -0.36
475.91 0.66 -0.36
490.26 0.82 -0.36
511.74 0.52 -0.36
526.62 0.95 -0.36
543.33 1.09 1.64
553.55 1.29 -0.36
563.16 0.66 -0.36
578.8 0.68 -0.36
589.21 0.59 -0.36
