7.07 0.85 -0.22
16.06 0.57 -0.22
20.44 0.42 -0.22
36.57 0.75 -0.22
41.58 0.91 -0.22
52.17 0.85 -0.22
77.5 1.26 1.78
88.14 0.85 -0.22
110.06 0.89 1.78
114.57 0.89 0.78
125.52 0.94 -0.22
149.25 0.66 -0.22
153.85 0.69 -0.22
157.9 0.59 -0.22
221.92 0.39 -0.22
227.12 0.48 -0.22
232.11 1.08 -0.22
258.01 2 -0.22
274.49 0.66 -0.22
291.19 0.63 -0.22
302.25 0.68 -0.22
325.79 0.52 1.78
335.29 0.63 -0.22
356.46 1.7 1.78
365.89 0.52 -0.22
389.96 0.89 -0.22
399.37 0.71 -0.22
428.06 1.62 -0.22
442.5 0.37 -0.22
459.65 0.39 -0.22
464.39 0.54 -0.22
481.89 0.79 -0.22
499.11 1.59 -0.22
504.56 1.17 -0.22
532.12 0.72 -0.22
537.3 0.4 -0.22
565.32 0.56 -0.22
576.57 0.41 -0.22
600.31 0.71 -0.22
605.33 0.46 -0.22
615.91 0.4 -0.22
