39.78 1.41 -0.34
45.52 0.8 -0.34
57.08 0.6 -0.34
81.24 1.55 1.66
86.14 1.43 0.66
96.73 0.51 -0.34
117.96 0.37 -0.34
134.09 0.57 -0.34
150.13 0.35 -0.34
154.56 0.28 -0.34
171.11 0.65 -0.34
186.59 0.79 -0.34
197.51 0.57 -0.34
218.77 0.83 -0.34
223.01 0.42 -0.34
251.2 0.93 1.66
257.15 0.45 0.66
287.89 0.52 -0.34
298.39 0.32 -0.34
315.52 0.57 -0.34
325.91 0.41 -0.34
336.22 0.5 -0.34
353.68 0.33 1.66
369.18 0.33 -0.34
385.34 0.47 -0.34
390.13 0.37 -0.34
394.8 0.36 -0.34
415.34 1.83 1.66
425.31 0.65 -0.34
445.76 1.88 -0.34
457.04 0.78 -0.34
467.6 0.65 -0.34
484.64 0.62 -0.34
494.65 0.36 -0.34
500.36 0.43 -0.34
516.7 0.48 1.66
521.5 0.87 0.66
530.1 0.42 -0.34
551.19 0.32 -0.34
555.87 0.33 -0.34
569.97 0.35 -0.34
586.96 0.39 1.66
597.92 0.33 -0.34
607.63 0.36 -0.34
