7.64 0.71 -0.09
12.21 0.91 -0.09
41.7 0.61 -0.09
47.61 0.5 -0.09
52.44 0.73 -0.09
63.05 0.59 -0.09
80.79 0.6 1.91
91.18 0.76 -0.09
113.78 0.48 -0.09
128.35 0.4 -0.09
145.23 1.03 -0.09
155.21 0.57 -0.09
245.58 0.55 -0.09
249.73 0.52 -0.09
254.92 0.66 -0.09
266.51 0.77 -0.09
282.45 0.53 -0.09
292.14 0.64 -0.09
302.33 0.6 -0.09
319.86 0.41 -0.09
328.83 0.64 -0.09
352.1 1.24 -0.09
356.89 0.66 -0.09
367.48 0.7 -0.09
391.19 0.42 -0.09
395.36 0.74 -0.09
405.17 0.73 -0.09
425.65 0.88 -0.09
430.82 0.64 -0.09
457.04 0.64 -0.09
461.81 0.43 -0.09
466.12 0.62 -0.09
471.81 0.51 -0.09
492.51 0.9 -0.09
498.24 0.43 -0.09
503.37 0.46 -0.09
526.25 0.61 -0.09
531.17 0.85 -0.09
535.53 2.18 -0.09
555.28 1.63 -0.09
564.42 0.86 -0.09
575.16 0.7 -0.09
594.3 1.04 1.91
603.42 0.51 -0.09
