96.39 0.66 1.77
105.98 0.51 -0.23
128.88 1.31 -0.23
139.35 0.59 -0.23
159.46 0.55 -0.23
176.21 0.68 -0.23
193.08 0.48 1.77
204.39 1.31 -0.23
225.95 0.49 -0.23
242.23 0.59 -0.23
258.04 0.35 -0.23
262.89 0.52 -0.23
271.98 0.9 -0.23
289.19 0.41 -0.23
299.06 0.84 -0.23
319.87 0.46 -0.23
324.68 0.47 -0.23
329.08 0.48 -0.23
334.91 0.57 -0.23
358.01 0.66 -0.23
362.63 0.67 -0.23
374.08 0.63 -0.23
390.9 0.78 1.77
396.75 0.48 0.77
407.11 0.68 -0.23
430.16 0.46 -0.23
440.51 0.66 -0.23
463.11 0.41 -0.23
467.85 0.51 -0.23
491.89 0.6 -0.23
506.03 0.69 -0.23
523.18 0.73 -0.23
534.4 0.46 -0.23
557.25 0.51 1.77
567.71 0.49 -0.23
575.99 0.48 -0.23
594.15 0.82 -0.23
604.79 0.99 -0.23
615.35 0.46 -0.23
