7.52 0.51 -0.47
12.64 0.72 -0.47
21.81 0.58 -0.47
42.84 0.41 -0.47
54.15 0.5 -0.47
83.13 1.62 -0.47
91.93 0.31 -0.47
113.73 0.42 -0.47
119.64 0.54 -0.47
130.14 0.49 -0.47
148.16 1.37 -0.47
152.76 0.71 -0.47
179.17 0.45 1.53
189.93 0.45 -0.47
211.94 0.43 -0.47
221.06 0.39 -0.47
244.2 0.43 1.53
258.47 0.31 -0.47
279.23 0.43 1.53
289.14 0.44 -0.47
312.72 0.41 -0.47
327.45 0.3 -0.47
345.71 0.89 1.53
354.42 0.51 -0.47
376.28 1.8 1.53
382.23 0.76 0.53
392.23 0.45 -0.47
414.48 0.39 -0.47
425.59 0.26 -0.47
447.49 0.41 1.53
457.66 0.37 -0.47
468.58 0.32 -0.47
489.98 3.04 -0.47
495.08 0.74 -0.47
505.33 0.45 -0.47
529.16 0.4 3.53
534.97 0.69 2.53
550.1 0.69 -0.47
567.97 0.46 -0.47
572.84 0.34 -0.47
578.13 0.33 -0.47
600.48 1.14 -0.47
611.35 0.62 -0.47
