6.53 0.52 -0.24
12.23 0.45 -0.24
27.9 0.45 -0.24
81.8 0.74 -0.24
87.01 0.51 -0.24
96.71 0.42 -0.24
153.95 1.02 -0.24
163.09 0.48 -0.24
191.76 0.47 1.76
196.44 0.59 0.76
206.23 0.5 -0.24
226.02 0.46 -0.24
235.12 0.53 -0.24
245.68 0.5 -0.24
262.56 0.45 -0.24
266.89 0.52 -0.24
277 0.48 -0.24
298.89 0.4 -0.24
309.17 0.44 -0.24
331.84 0.53 -0.24
340.76 0.45 -0.24
360.51 0.53 -0.24
365.8 0.6 -0.24
381.15 0.43 -0.24
401.68 0.42 -0.24
411.58 0.48 -0.24
428.68 0.68 -0.24
433.78 0.43 -0.24
443.45 0.41 -0.24
466.06 0.5 1.76
476.49 0.57 -0.24
498.3 0.41 -0.24
502.62 0.49 -0.24
512.64 0.56 -0.24
533.03 0.5 -0.24
543.42 0.5 -0.24
561.57 0.44 1.76
567.35 0.48 0.76
578.39 0.44 -0.24
598.75 0.48 1.76
614.25 0.45 -0.24
620.1 0.5 -0.24
