6.73 0.47 -0.05
16.72 0.41 -0.05
22.02 0.48 -0.05
26.48 1.2 -0.05
44.12 0.61 -0.05
48.41 1.37 -0.05
107.74 1.23 -0.05
117.22 1.08 -0.05
136.75 0.59 -0.05
147.8 0.65 -0.05
157.89 0.5 -0.05
176.3 0.65 1.95
185.69 0.76 -0.05
196.44 1.6 -0.05
212.38 1.04 -0.05
227.71 1.42 -0.05
242.97 0.64 -0.05
247.07 0.52 -0.05
252.07 0.6 -0.05
280.21 0.81 -0.05
288.69 1.03 -0.05
316.01 1.46 -0.05
321.19 0.51 -0.05
326.58 0.77 -0.05
347.66 0.63 -0.05
351.82 1.36 -0.05
362.52 0.67 -0.05
385.52 0.63 -0.05
389.9 0.89 -0.05
399.85 0.94 -0.05
422.19 0.8 -0.05
433.78 0.94 -0.05
455.64 0.62 -0.05
470.94 1.03 -0.05
525.68 0.68 -0.05
536.29 0.73 -0.05
545.68 2.19 -0.05
560.62 0.88 -0.05
571.57 1.59 -0.05
581.07 0.57 -0.05
598.58 0.74 -0.05
617.9 0.83 -0.05
