6.06 0.51 1.76
16.36 0.59 -0.24
40.63 0.57 -0.24
50.09 0.69 -0.24
71.27 1.3 1.76
80.11 1.16 -0.24
92.06 0.73 -0.24
109.36 1.9 -0.24
118.3 0.57 -0.24
127.97 0.83 -0.24
144.11 0.49 -0.24
149.49 0.42 -0.24
153.56 0.46 -0.24
164.38 0.97 -0.24
180.36 0.46 -0.24
194.85 0.52 -0.24
216.22 0.57 -0.24
227.1 0.44 -0.24
249.47 0.4 1.76
255.02 0.49 0.76
264.11 0.61 -0.24
286.41 0.82 -0.24
296.28 0.61 -0.24
320.12 0.45 -0.24
335.53 0.83 -0.24
357.85 0.58 -0.24
368.04 0.93 -0.24
378.3 0.57 -0.24
393.9 0.49 -0.24
398.23 0.38 -0.24
407.3 0.47 -0.24
435.32 0.51 -0.24
445.76 1 -0.24
467.21 1.11 1.76
476.16 0.94 -0.24
545.64 0.4 -0.24
556.94 0.53 -0.24
566.42 0.47 -0.24
