5.66 0.64 -0.09
17.1 0.49 -0.09
45.88 0.75 -0.09
55.08 0.57 -0.09
59.23 0.63 -0.09
74.11 1.08 -0.09
84.58 0.44 -0.09
96.25 0.76 -0.09
114.32 1.5 -0.09
118.5 0.89 -0.09
128.07 0.55 -0.09
153.03 0.76 -0.09
164.19 0.79 -0.09
175.01 0.68 -0.09
192.91 1.09 -0.09
197.59 0.71 -0.09
228.22 0.65 1.91
238.35 0.95 -0.09
261.7 2.57 -0.09
271.53 2.34 -0.09
282.73 0.87 -0.09
299.83 0.57 -0.09
314.32 0.35 -0.09
333.09 0.43 -0.09
337.44 0.43 -0.09
342.01 0.38 -0.09
373.55 1.4 -0.09
383.4 0.43 -0.09
400.34 0.43 1.91
411.83 0.69 -0.09
441.79 0.37 -0.09
450.94 0.57 -0.09
470.43 0.44 -0.09
481.14 0.41 -0.09
486.07 0.28 -0.09
490.27 0.58 -0.09
514.98 0.59 -0.09
524.68 0.39 -0.09
529.22 0.41 -0.09
548.39 2.09 -0.09
558.85 0.49 -0.09
568.63 0.62 -0.09
586.19 0.4 -0.09
595.43 0.39 -0.09
