91.88 3.04 -0.32
97.7 2.45 -0.32
106.74 1.29 -0.32
128.29 0.57 -0.32
137.07 0.82 -0.32
148.22 0.38 -0.32
167.05 0.53 1.68
178.35 0.71 -0.32
199.19 0.46 -0.32
209.9 1 -0.32
219.86 0.83 -0.32
235.77 0.54 -0.32
239.98 0.53 -0.32
256.14 0.48 -0.32
272.97 1.52 -0.32
283.66 0.54 -0.32
308.2 0.54 -0.32
312.47 0.47 -0.32
340.75 0.5 -0.32
350.14 0.48 -0.32
371.7 1.4 1.68
380.86 1.4 -0.32
403.84 0.38 -0.32
409.69 0.47 -0.32
418.41 0.76 -0.32
435.57 0.51 -0.32
445.72 0.95 -0.32
456.19 0.62 -0.32
473.01 0.45 3.68
478.59 0.59 2.68
496.3 0.48 -0.32
574.98 0.52 -0.32
579.3 0.76 -0.32
588.66 0.48 -0.32
