5.12 0.83 1.7
10.79 0.86 0.7
42.79 0.62 -0.3
47.26 0.47 -0.3
53.04 0.81 -0.3
76.15 1.19 -0.3
85.33 0.84 -0.3
109.93 0.7 -0.3
115.96 0.71 -0.3
120.47 0.94 -0.3
140.92 0.61 -0.3
151.05 1.26 -0.3
162.7 1.33 -0.3
180.04 1.96 -0.3
191.35 1.17 -0.3
213.8 1.16 -0.3
225.06 0.68 -0.3
251.71 0.74 -0.3
256.92 0.8 -0.3
262.45 1.27 -0.3
285.34 1.68 -0.3
295.73 0.92 -0.3
318.56 0.79 -0.3
328.53 0.95 -0.3
352.21 0.6 1.7
357.66 0.68 0.7
368.76 0.72 -0.3
391.44 0.77 1.7
400.26 0.8 -0.3
422.35 0.66 -0.3
426.71 0.85 -0.3
452.2 0.76 1.7
463.39 0.81 -0.3
484.93 1.08 -0.3
496.52 0.88 -0.3
519.01 0.76 1.7
523.24 2.31 0.7
550.4 0.74 -0.3
556.37 0.76 -0.3
566.11 0.8 -0.3
584.12 0.76 -0.3
589.26 0.78 -0.3
593.44 0.75 -0.3
599.26 0.89 -0.3
