7.68 0.62 -0.09
16.91 0.53 -0.09
40.03 0.45 1.91
49.96 0.56 -0.09
73.3 0.53 -0.09
83.14 0.41 -0.09
104.39 0.48 -0.09
114.24 0.5 -0.09
124.48 0.55 -0.09
139.26 0.49 -0.09
148.05 0.42 -0.09
170.99 0.62 -0.09
175.78 0.49 -0.09
181.18 0.51 -0.09
208.35 0.39 -0.09
224.24 0.41 -0.09
229.36 0.42 -0.09
245.72 0.42 1.91
255.66 0.38 -0.09
277.86 0.39 -0.09
288.4 0.43 -0.09
311.94 0.44 -0.09
320.91 0.59 -0.09
330.89 0.44 -0.09
348.67 0.54 -0.09
358.61 0.43 -0.09
379.31 0.43 -0.09
389.67 0.43 -0.09
399.52 0.82 -0.09
415.99 0.44 -0.09
425.49 0.42 -0.09
435.26 0.34 -0.09
453.35 0.75 -0.09
464.09 0.44 -0.09
473.83 0.46 -0.09
491.21 0.36 -0.09
496.93 0.37 -0.09
524.86 0.54 -0.09
530.14 0.44 -0.09
540.3 0.42 -0.09
557.44 0.45 -0.09
563.1 0.41 -0.09
574.77 0.44 -0.09
592.77 0.54 -0.09
603.27 0.41 -0.09
607.47 0.44 -0.09
612.8 0.53 -0.09
