5.38 1.21 -0.05
15.32 0.58 -0.05
38.78 1.91 -0.05
47.8 0.92 -0.05
52.93 0.83 -0.05
69.67 0.6 -0.05
73.85 0.9 -0.05
90.38 0.65 -0.05
106.48 0.72 -0.05
117.71 0.58 -0.05
128.91 2.43 -0.05
147.66 1.26 -0.05
156.68 0.75 -0.05
185.51 0.74 -0.05
200.72 1.29 -0.05
217.27 0.71 -0.05
221.43 2.52 -0.05
235.18 0.96 -0.05
258.51 2.09 -0.05
268.59 0.72 -0.05
290.01 1.69 -0.05
294.27 1.8 -0.05
320.85 1.49 1.95
331.88 1.81 -0.05
342.52 1.5 -0.05
360.74 1.41 -0.05
365.92 1.06 -0.05
391.94 0.64 -0.05
401.75 0.96 -0.05
426.58 0.88 -0.05
441.64 1.4 -0.05
447.41 1.23 -0.05
464.07 1.51 -0.05
475.21 0.84 -0.05
498.01 0.67 -0.05
503.81 1.01 -0.05
520.8 1.32 -0.05
537.51 1.85 -0.05
547.23 1.48 -0.05
552.89 0.91 -0.05
557.9 1.39 -0.05
580.38 2.21 -0.05
596.07 1.33 -0.05
