30.55 3.04 -0.24
36.03 0.58 -0.24
50.83 1.28 -0.24
66.73 0.83 -0.24
80.52 0.7 -0.24
85.39 0.56 -0.24
103.25 1.03 1.76
117.69 0.5 -0.24
134.26 2.77 1.76
150.58 1.03 -0.24
173.89 0.9 -0.24
183.04 0.67 -0.24
187.83 0.92 -0.24
192.98 1.05 -0.24
209.87 0.67 -0.24
215.27 0.52 -0.24
328.67 1.5 -0.24
332.75 3.04 -0.24
349.32 0.58 -0.24
365.97 0.62 1.76
371.16 0.99 0.76
380.24 0.88 -0.24
400.77 2.27 -0.24
416.85 0.7 -0.24
438.47 0.72 1.76
447.8 0.59 -0.24
469.55 2.71 -0.24
479.34 0.79 -0.24
502.15 0.71 -0.24
506.61 0.58 -0.24
510.83 0.7 -0.24
533.85 0.57 -0.24
542.9 0.68 -0.24
565.81 1.5 -0.24
579.39 1.85 -0.24
595.78 0.59 -0.24
605.2 0.91 -0.24
615.16 0.7 -0.24
