5.54 1.04 -0.42
16.68 0.8 -0.42
26.16 1.28 -0.42
42.39 0.66 1.58
51.82 0.7 -0.42
73.82 0.5 -0.42
85.19 0.5 -0.42
95.53 0.53 -0.42
111.65 0.65 -0.42
117.28 0.93 -0.42
126.93 0.56 -0.42
149.13 0.49 1.58
164.07 0.37 -0.42
179.89 0.73 -0.42
190.45 0.66 -0.42
201.53 0.8 -0.42
217.86 0.75 1.58
228 0.64 -0.42
237.59 0.53 -0.42
254.21 0.6 -0.42
265.52 1.61 -0.42
276.36 0.56 -0.42
294.02 0.62 -0.42
304.23 0.42 -0.42
327.37 0.53 -0.42
338.47 0.45 -0.42
347.18 0.41 -0.42
363.48 0.62 3.58
369.16 0.47 2.58
382.85 0.52 -0.42
401.54 0.55 1.58
412.18 0.57 -0.42
432.69 0.49 1.58
442.75 0.56 -0.42
453.49 0.71 -0.42
469.94 0.6 -0.42
481.64 0.56 -0.42
505.88 0.43 -0.42
515.35 0.48 -0.42
526.24 0.48 -0.42
544.77 0.62 1.58
553.77 0.58 -0.42
575.13 0.63 -0.42
586.14 0.74 -0.42
595.17 0.49 -0.42
