7.49 0.81 -0.26
13.5 0.95 -0.26
40.14 0.85 -0.26
44.83 1.97 -0.26
61.96 1.52 -0.26
79.15 1.62 1.74
89.48 1.72 -0.26
98.56 0.84 -0.26
115.35 1.3 -0.26
132.13 0.72 -0.26
149.19 0.91 1.74
158.76 0.76 -0.26
167.94 0.63 -0.26
185.42 0.9 1.74
201.35 0.83 -0.26
220.28 0.69 -0.26
224.57 0.63 -0.26
229.26 0.43 -0.26
252.31 1.05 1.74
257.07 1.02 0.74
269.01 0.96 -0.26
292.42 0.52 -0.26
302.81 1.19 -0.26
312.07 0.75 -0.26
330.48 0.7 -0.26
335.35 0.96 -0.26
346.87 0.86 -0.26
369.84 0.8 -0.26
380.52 0.78 -0.26
477.27 0.77 -0.26
482.91 1.05 -0.26
487.24 1.17 -0.26
497.56 1.1 -0.26
515.85 0.75 1.74
525.02 1.14 -0.26
534.39 0.99 -0.26
552.3 0.74 -0.26
556.92 0.91 -0.26
562.93 0.78 -0.26
573.29 1.23 -0.26
589.39 0.78 -0.26
595.11 0.96 -0.26
604.89 1.43 -0.26
