7.19 0.53 -0.26
17.26 0.52 -0.26
38.66 0.55 -0.26
43.66 0.52 -0.26
70.05 0.38 -0.26
79.67 0.49 -0.26
89.33 0.46 -0.26
106.42 0.9 1.74
116.64 0.5 -0.26
144.62 0.71 -0.26
155.34 0.62 -0.26
171.58 0.75 1.74
181.17 0.5 -0.26
211.06 0.61 -0.26
222.46 0.48 -0.26
228.48 0.4 -0.26
250.71 0.51 -0.26
262.47 0.66 -0.26
280.24 0.51 1.74
290.16 0.39 -0.26
299.59 0.62 -0.26
315.47 0.52 1.74
321.04 0.49 0.74
332.13 0.7 -0.26
408.13 0.44 -0.26
418.28 0.51 -0.26
428.39 0.49 -0.26
445.13 0.44 -0.26
455.47 0.57 -0.26
467.24 0.55 -0.26
484.23 0.35 1.74
495.2 0.45 -0.26
506.21 0.43 -0.26
524.04 0.65 -0.26
529.89 0.78 -0.26
535.52 0.95 -0.26
546.81 0.4 -0.26
564.39 0.48 -0.26
580.18 0.47 -0.26
597.83 0.61 -0.26
606.6 0.65 -0.26
615.88 0.49 -0.26
