5.6 0.66 -0.13
10.53 1.66 -0.13
37.69 0.36 -0.13
43.19 0.34 -0.13
47.59 1.36 -0.13
71.9 0.69 -0.13
77.55 0.37 -0.13
107.95 0.91 -0.13
119.45 0.46 -0.13
141.07 0.79 -0.13
150.86 2.63 -0.13
173.11 0.6 1.87
184.68 0.71 -0.13
205.9 0.39 -0.13
211.94 0.48 -0.13
217.6 0.5 -0.13
247.29 0.55 1.87
262.26 0.51 -0.13
284.68 0.72 -0.13
293.51 0.95 -0.13
310.45 1.65 -0.13
320.45 0.41 -0.13
342.35 0.54 -0.13
348.08 0.85 -0.13
353.29 1.53 -0.13
362.13 0.6 -0.13
380.76 0.43 -0.13
394.67 0.38 -0.13
417.82 0.44 -0.13
427.01 0.41 -0.13
442.92 0.38 -0.13
453.25 0.39 -0.13
461.86 0.29 -0.13
480.55 0.51 -0.13
485.93 0.89 -0.13
491.39 0.93 -0.13
500.42 1.08 -0.13
516.98 0.43 -0.13
528.47 0.42 -0.13
533.01 0.48 -0.13
550.28 0.53 1.87
558.75 0.44 -0.13
568.92 0.54 -0.13
588.19 0.47 -0.13
598.92 0.61 -0.13
