5.53 1 -0.3
11.14 0.71 -0.3
27.5 0.45 -0.3
43.42 0.61 -0.3
48.86 0.84 -0.3
59.65 0.73 -0.3
82.43 0.51 -0.3
95.77 0.55 -0.3
119.23 0.63 -0.3
127.71 0.66 -0.3
149.77 1.48 -0.3
160.43 0.51 -0.3
186.91 0.7 -0.3
195.87 0.65 -0.3
212.51 0.78 1.7
218.16 0.79 0.7
229.56 0.66 -0.3
253.91 0.48 1.7
265.28 0.5 -0.3
289.56 0.81 1.7
300.01 0.71 -0.3
309.19 0.56 -0.3
332 0.9 -0.3
340.21 0.61 -0.3
367.97 0.73 -0.3
373.29 0.67 -0.3
377.35 0.72 -0.3
399.42 1.17 -0.3
409.44 0.83 -0.3
431.76 0.61 1.7
442.37 0.58 -0.3
464.2 1.07 1.7
473.7 1.16 -0.3
497.27 0.97 -0.3
506.35 0.96 -0.3
510.6 0.93 -0.3
529.17 0.45 -0.3
538.85 0.53 -0.3
560.79 0.84 -0.3
571.98 0.86 -0.3
582.85 1.05 -0.3
598.56 1.19 1.7
607.7 0.83 -0.3
