6.48 1.04 1.74
16.37 1.26 -0.26
39.24 1.64 -0.26
44.06 1.69 -0.26
54.6 0.83 -0.26
78.13 2.31 -0.26
88.39 0.62 -0.26
99 0.94 -0.26
116.05 1.44 1.74
125.66 1 -0.26
235.96 0.58 1.74
245.11 1.51 -0.26
266.23 1.28 -0.26
276.45 1.8 -0.26
344.12 2.4 1.74
354.68 1.01 -0.26
377.25 0.6 -0.26
381.37 0.78 -0.26
386.49 0.85 -0.26
396.41 0.87 -0.26
445.89 0.7 -0.26
450.39 0.99 -0.26
456.42 0.49 -0.26
482.72 0.63 -0.26
491.65 0.83 -0.26
514.13 0.52 -0.26
519.03 1.27 -0.26
530.24 1.02 -0.26
545.02 0.39 -0.26
555.83 0.87 -0.26
565.79 1.27 -0.26
