5.91 1.27 -0.21
17.55 1.51 -0.21
91.06 0.63 -0.21
95.56 3.05 -0.21
99.81 1.69 -0.21
127.22 0.88 1.79
137.54 1.59 -0.21
147.78 1.16 -0.21
165.2 2 -0.21
170.77 0.78 -0.21
175.98 0.8 -0.21
203.89 2.46 1.79
213.48 0.97 -0.21
237.41 0.81 1.79
246.41 0.99 -0.21
256.69 0.87 -0.21
275.02 1.24 -0.21
284.93 1.17 -0.21
360.01 0.71 -0.21
364.22 0.84 -0.21
380.02 0.79 -0.21
397.28 0.97 -0.21
407.6 0.94 -0.21
434.12 0.55 -0.21
444.5 0.89 -0.21
464.73 1.35 -0.21
474.98 0.72 -0.21
576.25 0.98 -0.21
587.27 1.19 -0.21
