7.72 0.77 2.8
13.76 0.66 1.8
22.67 0.61 -0.2
45.38 0.39 -0.2
55 0.77 -1.2
78.42 0.49 -1.2
88.37 0.59 -1.2
92.49 0.76 -1.2
147.68 0.51 -1.2
156.13 0.63 -1.2
166.41 0.55 -1.2
189.11 0.47 -0.2
215.67 0.34 1.8
224.47 0.38 -0.2
234.61 0.42 -1.2
253.03 0.35 -0.2
263.02 0.62 -1.2
273.05 0.73 -1.2
291.21 0.56 0.8
301.8 0.36 -1.2
326.88 0.37 0.8
336.79 0.4 -1.2
357.35 0.65 -1.2
363.01 0.54 -1.2
367.09 0.52 -1.2
388.42 0.55 2.8
398.23 0.4 0.8
407.79 0.64 -1.2
424.48 0.44 1.8
435.64 0.37 -0.2
444.59 0.85 -1.2
462.8 0.99 4.8
473.47 0.58 2.8
500.76 0.81 2.8
517.1 0.62 -0.2
533.74 0.78 0.8
538.39 0.72 -0.2
547.83 0.56 -1.2
564.33 0.37 1.8
568.43 0.37 0.8
573.61 0.84 -0.2
579.18 0.45 -1.2
598.98 0.55 -0.2
613.95 0.41 -1.2
619.77 0.41 -1.2
