6.25 1.15 -0.05
17.42 1 -0.05
39.97 0.91 -0.05
55.58 0.81 -0.05
159.09 0.83 1.95
170.96 1.33 -0.05
180.76 0.96 -0.05
197.33 1.54 -0.05
209.19 0.75 -0.05
231.79 1.13 -0.05
247.75 0.68 -0.05
269.03 1.48 -0.05
274.04 1.4 -0.05
282.7 1.44 -0.05
299.29 0.69 -0.05
304.69 1.08 -0.05
318.37 1.36 -0.05
334.72 0.8 -0.05
345.18 0.82 -0.05
349.68 0.55 -0.05
353.84 1.22 -0.05
373.09 0.79 -0.05
388.86 2.04 -0.05
413.04 1.58 -0.05
422.85 0.58 -0.05
445.15 0.87 -0.05
449.95 0.8 -0.05
455.31 0.77 -0.05
484.73 1.58 -0.05
496.03 0.46 -0.05
501.78 0.44 -0.05
505.93 0.52 -0.05
521.77 1.87 -0.05
531.02 0.82 -0.05
553.86 0.84 -0.05
564.12 0.59 -0.05
587.2 0.8 -0.05
591.87 1.03 -0.05
607.09 0.76 -0.05
