5.4 0.52 -0.19
14.49 0.59 -0.19
36.71 0.61 -0.19
42.34 0.45 -0.19
53.44 0.36 -0.19
80.67 0.37 -0.19
91.35 0.6 -0.19
113.22 0.63 -0.19
118.59 0.39 -0.19
123.03 1.34 -0.19
184.17 0.28 -0.19
188.62 0.27 -0.19
221.67 0.31 -0.19
232.64 0.31 -0.19
253.34 0.45 -0.19
264.2 0.29 -0.19
274.2 2.71 -0.19
291.68 0.72 1.81
302.73 0.32 -0.19
323.27 1.46 1.81
333.98 1.25 -0.19
356.81 0.33 -0.19
368.65 0.41 -0.19
378.34 0.46 -0.19
395.66 0.29 -0.19
405.05 0.39 -0.19
409.17 0.52 -0.19
425.33 0.44 1.81
434.25 0.32 -0.19
445.09 0.45 -0.19
462.69 0.55 -0.19
472.92 0.41 -0.19
497.29 0.33 -0.19
507.58 0.7 -0.19
518.46 0.33 -0.19
536.91 0.32 -0.19
546.43 0.34 -0.19
555.43 0.39 -0.19
573.54 0.29 1.81
582.85 0.43 -0.19
609.55 0.32 -0.19
618.13 0.75 -0.19
624.07 0.79 -0.19
