5.31 1.34 1.85
15.34 0.56 -0.15
36.73 0.81 -0.15
46.91 0.56 -0.15
66.63 0.65 -0.15
77.27 0.7 -0.15
105.61 1.39 -0.15
111.35 0.83 -0.15
122.21 0.54 -0.15
144.14 0.63 -0.15
150.09 0.59 -0.15
183.95 0.78 -0.15
200.53 0.94 -0.15
217.35 0.61 -0.15
232.37 1.22 -0.15
249.22 0.63 -0.15
255.15 0.74 -0.15
264.75 0.5 -0.15
282.4 0.52 -0.15
292.18 0.53 -0.15
301.9 0.49 -0.15
319.29 0.73 1.85
324.83 0.79 0.85
335.31 0.49 -0.15
358.29 0.71 -0.15
363.62 0.75 -0.15
369.32 0.58 -0.15
378.29 0.48 -0.15
393.85 1.49 -0.15
405.57 3.04 -0.15
411.18 0.52 -0.15
420.2 0.54 -0.15
435.96 1.37 -0.15
440.4 0.58 -0.15
449.84 0.51 -0.15
468.53 0.62 1.85
482.52 0.67 -0.15
488.24 1.18 -0.15
506.29 0.7 -0.15
512.33 0.53 -0.15
522.08 0.69 -0.15
543.43 0.83 -0.15
549.46 0.69 -0.15
563.93 0.66 -0.15
582.7 1.58 -0.15
592.12 0.82 -0.15
603.69 0.91 -0.15
