5.75 0.72 -0.33
16.09 0.56 -0.33
41.39 0.55 -0.33
50.89 0.54 -0.33
68.43 1.17 -0.33
73.51 0.65 -0.33
79.46 0.49 -0.33
89.83 0.46 -0.33
105.57 0.67 1.67
115.21 0.95 -0.33
124.73 0.64 -0.33
140.05 0.62 -0.33
149.53 0.67 -0.33
159.55 0.43 -0.33
176.43 2.14 -0.33
181.18 1.03 -0.33
189.65 0.52 -0.33
194.32 0.62 -0.33
212.63 0.76 1.67
218.51 0.77 0.67
228.61 0.55 -0.33
252.9 0.51 -0.33
262.61 0.47 -0.33
284.98 1.24 -0.33
294.63 0.61 -0.33
304.55 0.67 -0.33
320.97 0.64 -0.33
325.09 1.26 -0.33
340.04 0.61 -0.33
358.18 1.24 -0.33
367.73 1.56 -0.33
389.36 3.04 1.67
393.53 0.72 0.67
401.84 3.04 -0.33
406.98 1.04 -0.33
417.65 0.54 -0.33
510.78 0.81 3.67
516.59 0.63 2.67
531.91 0.47 -0.33
549.92 0.7 -0.33
554.85 0.62 -0.33
565.94 0.46 -0.33
587.15 1.36 -0.33
596.86 0.53 -0.33
607.39 0.51 -0.33
