5.31 0.55 -0.13
9.77 0.44 -0.13
14.28 0.45 -0.13
23.08 0.4 -0.13
41.27 0.43 -0.13
52.28 0.65 -0.13
61.16 0.59 -0.13
79.6 0.39 -0.13
84.35 0.43 -0.13
93.09 0.36 -0.13
115.51 0.38 -0.13
126.67 0.47 -0.13
138.08 1.37 -0.13
157 0.4 -0.13
162.88 0.46 -0.13
172.1 0.49 -0.13
196.68 0.4 -0.13
200.8 0.81 -0.13
227.06 0.5 1.87
232.06 0.42 0.87
242 1.05 -0.13
262.66 0.58 -0.13
267.15 0.49 -0.13
276.23 0.48 -0.13
298.78 0.44 1.87
303.96 0.44 0.87
313.13 0.4 -0.13
334.94 0.41 -0.13
344.24 0.42 -0.13
349.23 0.37 -0.13
365.94 0.48 -0.13
370.7 0.44 -0.13
381.16 0.93 -0.13
403.83 0.36 -0.13
408.21 0.41 -0.13
417.92 0.45 -0.13
479.19 0.58 -0.13
488.97 0.41 -0.13
505.91 0.37 -0.13
511.37 0.4 -0.13
520.39 0.36 -0.13
543.87 0.48 -0.13
553.85 0.37 -0.13
575.32 0.5 -0.13
580.2 0.49 -0.13
584.58 0.41 -0.13
