6.9 0.83 -0.34
12.79 0.71 -0.34
21.17 0.72 -0.34
44.83 0.69 -0.34
50.43 1.16 -0.34
60.32 0.66 -0.34
76.52 0.62 1.66
80.9 0.47 0.66
89.96 0.84 -0.34
113.27 0.55 -0.34
123.89 0.78 -0.34
133.52 0.77 -0.34
151.21 0.67 1.66
156.62 0.57 0.66
166.79 0.77 -0.34
189.96 0.69 1.66
194.76 0.58 0.66
204.98 0.82 -0.34
226.35 0.6 1.66
230.49 1.12 0.66
258.58 0.69 -0.34
268.67 0.6 -0.34
292.04 1.12 1.66
303.07 0.71 -0.34
323.97 0.51 -0.34
335.14 0.58 -0.34
359.18 0.61 -0.34
365.24 0.81 -0.34
379.59 0.94 -0.34
396.19 1.27 -0.34
400.24 0.57 -0.34
409.91 1.33 -0.34
426.01 0.6 1.66
436.45 0.69 -0.34
457.84 1.59 -0.34
463.47 1 -0.34
472.97 0.47 -0.34
490 1.28 -0.34
501.06 0.71 -0.34
524.84 0.86 -0.34
530.5 0.92 -0.34
539.55 0.81 -0.34
560.43 0.6 -0.34
564.57 0.56 -0.34
568.8 0.62 -0.34
600.06 0.55 -0.34
610.81 0.53 -0.34
