6.19 0.72 -0.16
11.54 1.16 -0.16
23.29 0.73 -0.16
40.76 0.96 -0.16
49.17 0.8 -0.16
57.51 0.48 -0.16
79.52 0.71 -0.16
90.48 0.83 -0.16
112.38 0.81 1.84
117.99 0.81 0.84
142.91 0.86 -0.16
147.65 0.74 -0.16
158.86 0.84 -0.16
176.01 1.35 -0.16
182.04 0.43 -0.16
191.7 0.49 -0.16
208.77 0.84 -0.16
218 1.44 -0.16
241.25 1.23 -0.16
245.47 0.7 -0.16
250 0.76 -0.16
259.72 0.91 -0.16
275.19 1.49 -0.16
279.5 3.05 -0.16
284.8 1.51 -0.16
308.87 0.65 -0.16
317.84 0.98 -0.16
379.86 0.59 -0.16
390.55 0.81 -0.16
412.61 0.55 -0.16
428.24 0.5 -0.16
452.29 0.79 -0.16
466.1 0.66 -0.16
483.7 0.55 1.84
494.07 0.44 -0.16
504.88 0.7 -0.16
522.6 0.96 1.84
532.34 0.57 -0.16
543.9 0.95 -0.16
566.8 0.75 -0.16
577.53 0.48 -0.16
594.34 0.52 -0.16
600.01 0.94 -0.16
615.47 1.4 -0.16
