65.48 0.78 -0.07
76.49 1.06 -0.07
99.33 0.46 -0.07
104.4 0.55 -0.07
113.73 0.85 -0.07
130.95 0.62 -0.07
135.93 0.65 -0.07
146.02 0.69 -0.07
165.8 0.42 -0.07
171.51 0.62 -0.07
181.66 1.17 -0.07
199.82 0.81 -0.07
210.34 0.68 -0.07
216.03 0.74 -0.07
232.25 0.57 -0.07
242.89 0.47 -0.07
253.53 0.58 -0.07
281.24 1.04 -0.07
290.85 0.48 -0.07
312.94 0.4 1.93
317.38 0.56 0.92
323.01 0.5 -0.07
356.05 0.43 -0.07
360.36 0.6 -0.07
364.46 0.68 -0.07
386.4 0.41 -0.07
391.42 0.42 -0.07
397.22 1.37 -0.07
408.5 0.49 -0.07
425.13 0.47 -0.07
430.68 0.55 -0.07
441.76 0.72 -0.07
520.27 0.65 -0.07
525.86 0.54 -0.07
530.44 0.68 -0.07
553.56 0.65 -0.07
569.1 0.53 -0.07
573.36 0.59 -0.07
591.44 0.56 -0.07
606.24 1.44 -0.07
