12.03 0.51 -0.15
27.18 0.61 -0.15
45.09 0.72 -0.15
55.17 0.75 -0.15
65.35 0.54 -0.15
82.84 0.66 1.85
99.03 0.59 -0.15
122.65 0.35 -0.15
127.22 0.64 -0.15
138.7 0.7 -0.15
162.17 0.68 -0.15
172.77 0.52 -0.15
193.01 0.56 -0.15
204.02 0.6 -0.15
227.51 0.48 1.85
242.22 0.5 -0.15
260.82 0.5 -0.15
265.11 0.5 -0.15
275.48 0.5 -0.15
291.22 0.57 -0.15
307.09 0.98 -0.15
325.32 0.46 -0.15
334.5 0.51 -0.15
358.58 0.55 -0.15
369.53 0.48 -0.15
373.82 0.69 -0.15
392.9 0.54 -0.15
401.72 0.56 -0.15
425.12 0.48 1.85
434.65 0.58 -0.15
458.44 0.61 -0.15
462.68 0.61 -0.15
468.66 0.55 -0.15
490.14 0.53 -0.15
505.56 0.61 -0.15
511.45 0.83 -0.15
565.08 0.54 -0.15
575.19 0.83 -0.15
585.89 0.47 -0.15
602.99 0.58 -0.15
614.44 0.52 -0.15
