5.93 0.91 -0.14
17.02 0.6 -0.14
26.52 0.77 -0.14
42.87 0.84 -0.14
48.02 0.84 -0.14
77.52 0.82 -0.14
86.8 0.71 -0.14
109.59 0.73 1.86
114.49 0.7 0.86
125.74 1.05 -0.14
147.95 0.78 -0.14
156.99 0.91 -0.14
177.59 0.7 1.86
186.99 0.73 -0.14
208.11 0.97 -0.14
212.99 0.94 -0.14
222.63 0.69 -0.14
285.42 1.52 -0.14
291.37 0.79 -0.14
302.25 0.72 -0.14
323.9 0.93 -0.14
328.37 0.83 -0.14
334.21 0.78 -0.14
343.45 0.93 -0.14
409.25 0.65 -0.14
420.2 0.8 -0.14
443.07 0.77 -0.14
448.71 0.82 -0.14
475.09 0.68 -0.14
479.93 0.82 -0.14
491.98 0.97 -0.14
514.3 0.86 -0.14
526.26 0.68 -0.14
548.79 0.61 -0.14
553.77 0.77 -0.14
564.59 0.57 -0.14
