7.05 0.68 -0.2
11.79 0.91 -0.2
40.23 0.46 1.8
50.77 0.55 -0.2
77.51 1.23 -0.2
88.31 0.77 -0.2
104.14 0.54 1.8
113.89 0.92 -0.2
122.98 0.68 -0.2
141.13 0.81 -0.2
145.32 0.69 -0.2
171.81 0.61 -0.2
177.44 0.55 -0.2
188.55 1.2 -0.2
192.78 0.75 -0.2
210.4 0.9 -0.2
219.78 0.49 -0.2
241.74 0.9 -0.2
246.33 0.92 -0.2
255.41 1.04 -0.2
271.68 0.88 -0.2
282.02 0.5 -0.2
290.88 0.65 -0.2
307.7 0.62 -0.2
323.41 0.84 -0.2
327.71 0.49 -0.2
344.28 0.79 -0.2
354.62 1.17 -0.2
382.66 0.66 -0.2
391.34 1.04 -0.2
397.21 0.98 -0.2
416.57 0.57 -0.2
425.57 0.48 -0.2
446.8 0.64 1.8
456.75 1.84 -0.2
482.93 0.52 -0.2
508.28 0.73 -0.2
512.52 0.71 -0.2
522.24 0.56 -0.2
546.51 0.87 1.8
551.54 0.63 0.8
561.82 0.51 -0.2
583.52 0.6 -0.2
594.33 0.62 -0.2
