55.57 0.59 -0.08
66.84 0.49 -0.08
88.71 0.45 -0.08
98.29 0.49 -0.08
119.56 0.51 -0.08
129.03 0.56 -0.08
138.97 0.39 -0.08
161.89 0.56 -0.08
166.92 0.81 -0.08
172.12 0.53 -0.08
194.52 0.51 -0.08
199.11 0.54 -0.08
204.07 0.51 -0.08
209.22 0.41 -0.08
233.89 0.53 -0.08
238.28 0.69 -0.08
242.4 0.5 -0.08
264.09 1.33 -0.08
279.74 0.58 -0.08
285.28 0.54 -0.08
335.01 0.48 -0.08
340.52 0.36 -0.08
351.5 0.48 -0.08
368.32 0.74 1.92
372.42 0.52 0.92
383.06 0.49 -0.08
409.33 0.46 -0.08
419.98 0.41 -0.08
447.39 0.45 -0.08
457 0.55 -0.08
480.26 0.59 -0.08
491.05 0.4 -0.08
513.63 0.83 -0.08
524.34 0.48 -0.08
534.61 0.46 -0.08
551.6 0.43 -0.08
561.22 0.41 -0.08
582.75 0.45 -0.08
587.83 0.36 -0.08
