6.19 0.72 0.41
11.54 1.16 0.41
23.29 0.73 -0.59
40.76 0.96 1.41
49.17 0.8 0.41
57.51 0.48 -0.59
79.52 0.71 0.41
90.48 0.83 0.41
112.38 0.81 0.41
117.99 0.81 0.41
142.91 0.86 -0.59
147.65 0.74 -0.59
158.86 0.84 -0.59
176.01 1.35 -0.59
182.04 0.43 -0.59
191.7 0.49 -0.59
208.77 0.84 0.41
218 1.44 0.41
241.25 1.23 0.41
245.47 0.7 0.41
250 0.76 0.41
259.72 0.91 -0.59
275.19 1.49 0.41
279.5 3.05 0.41
284.8 1.51 0.41
308.87 0.65 0.41
317.84 0.98 0.41
379.86 0.59 -0.59
390.55 0.81 -0.59
412.61 0.55 -0.59
428.24 0.5 -0.59
452.29 0.79 -0.59
466.1 0.66 -0.59
483.7 0.55 1.41
494.07 0.44 0.41
504.88 0.7 -0.59
522.6 0.96 1.41
532.34 0.57 0.41
543.9 0.95 -0.59
566.8 0.75 0.41
577.53 0.48 -0.59
594.34 0.52 -0.59
600.01 0.94 -0.59
615.47 1.4 -0.59
