96.94 0.54 0.61
107.51 1.8 0.61
117.01 0.69 -0.39
135.14 0.78 0.61
144.94 1.12 0.61
173.84 0.75 -0.39
183.9 0.71 -0.39
194.46 0.66 -0.39
210.71 0.62 -0.39
214.88 0.45 -0.39
224.58 1.1 -0.39
248.59 1.12 1.61
258.65 0.65 0.61
268.74 2.16 -0.39
320.73 0.34 -0.39
325.16 0.59 -0.39
351.44 0.57 -0.39
356.36 0.88 -0.39
385.79 0.43 0.61
391.53 0.39 0.61
396.26 1.49 0.61
419.65 1.45 -0.39
424.65 0.42 -0.39
454.33 0.78 -0.39
460.24 0.46 -0.39
492.62 0.52 -0.39
519.25 0.44 -0.39
529.83 0.51 -0.39
551.27 0.69 1.61
562.07 1.02 0.61
571.4 0.82 -0.39
595.14 0.45 -0.39
611.37 0.5 -0.39
