5.33 0.76 -0.51
10.95 0.77 -0.51
27 0.76 -0.51
41.83 1.04 1.49
50.32 0.69 0.49
74.48 0.62 -0.51
85.15 0.82 -0.51
111.76 0.49 -0.51
122.89 1.03 0.49
133.65 0.89 -0.51
151.42 0.66 0.49
156.78 0.74 0.49
165.69 0.72 0.49
187.05 0.46 -0.51
197.57 0.71 -0.51
224 1.14 -0.51
229.63 0.71 -0.51
234.15 0.97 -0.51
264.71 0.54 0.49
269.91 0.8 0.49
281.65 0.65 -0.51
298.8 0.78 -0.51
308.48 0.65 -0.51
312.85 0.91 -0.51
316.97 1.4 -0.51
332.44 0.64 0.49
343.15 0.84 0.49
353.19 0.77 -0.51
370.3 0.45 0.49
378.6 1.11 0.49
389.07 0.85 -0.51
406.48 0.9 0.49
417.97 0.47 -0.51
422.51 1.18 -0.51
427.01 1.17 -0.51
444.66 0.87 -0.51
449.59 0.66 -0.51
454.2 0.68 -0.51
477.91 0.87 1.49
487.97 0.82 0.49
515.38 1.54 -0.51
526.31 0.68 -0.51
542.64 1.43 0.49
553.64 1.55 0.49
575.82 0.41 1.49
580.78 0.87 1.49
591.02 0.84 0.49
