6.25 0.7 1.37
16.16 0.74 0.37
40.43 0.57 1.37
51.48 0.55 0.37
79.59 0.48 -0.63
94.66 0.47 -0.63
117.81 0.57 -0.63
122.86 0.43 -0.63
127.95 0.79 -0.63
150.36 1.14 -0.63
160.5 0.51 -0.63
171.94 0.62 -0.63
190.95 0.67 1.37
195.46 0.7 1.37
206.13 0.81 0.37
232.53 0.4 -0.63
261.9 0.53 -0.63
271.87 0.59 -0.63
283.24 0.66 -0.63
299.56 1.57 0.37
313.65 0.8 -0.63
331.91 0.75 1.37
341.67 0.7 0.37
352.88 0.48 -0.63
370.72 0.91 1.37
375.99 1 1.37
386.59 0.78 0.37
407.9 0.64 -0.63
413.23 0.48 -0.63
445.65 0.53 -0.63
460.92 0.77 -0.63
477.38 0.58 -0.63
489.12 0.51 -0.63
500.61 0.7 -0.63
517.19 3.11 0.37
522.66 0.54 0.37
528.73 0.59 0.37
533.13 0.66 0.37
597.34 0.74 0.37
603.42 0.93 0.37
615.05 0.43 -0.63
