91.88 3.04 -0.56
97.7 2.45 -0.56
106.74 1.29 -0.56
128.29 0.57 -0.56
137.07 0.82 0.44
148.22 0.38 -0.56
167.05 0.53 1.44
178.35 0.71 0.44
199.19 0.46 1.44
209.9 1 0.44
219.86 0.83 -0.56
235.77 0.54 -0.56
239.98 0.53 -0.56
256.14 0.48 -0.56
272.97 1.52 -0.56
283.66 0.54 -0.56
308.2 0.54 -0.56
312.47 0.47 -0.56
340.75 0.5 0.44
350.14 0.48 -0.56
371.7 1.4 1.44
380.86 1.4 0.44
403.84 0.38 -0.56
409.69 0.47 -0.56
418.41 0.76 -0.56
435.57 0.51 1.44
445.72 0.95 0.44
456.19 0.62 -0.56
473.01 0.45 0.44
478.59 0.59 0.44
496.3 0.48 -0.56
574.98 0.52 0.44
579.3 0.76 0.44
588.66 0.48 0.44
