6.35 0.48 0.49
11.95 0.65 0.49
43.02 0.59 0.49
47.71 0.5 0.49
53.19 0.62 0.49
64.34 1.54 -0.51
82.52 1.35 1.49
93.5 0.59 0.49
104.68 0.59 -0.51
121.12 0.49 -0.51
126.05 0.61 -0.51
141.45 0.74 -0.51
157.98 1.1 -0.51
172.83 0.85 -0.51
189.51 1.79 0.49
202.91 0.61 -0.51
208.62 0.99 -0.51
230.54 1.27 0.49
239.82 1.09 -0.51
263.4 0.97 -0.51
269.21 0.72 -0.51
294.96 0.5 0.49
304.87 1.01 0.49
325.25 0.56 0.49
330.82 0.46 0.49
339.81 0.73 -0.51
357.72 0.67 0.49
368.37 1.14 -0.51
379.76 0.58 -0.51
431.58 0.47 0.49
442.01 1.02 0.49
464.71 0.57 0.49
469.48 0.73 0.49
475.44 0.76 0.49
501.74 0.73 -0.51
516.28 0.73 -0.51
534.44 0.54 0.49
544.52 0.65 0.49
555.31 1.09 -0.51
571.3 0.65 0.49
580 0.8 -0.51
585.32 1.19 -0.51
609.02 0.85 -0.51
619.03 0.61 -0.51
623.28 0.59 -0.51
