6.79 0.85 -0.48
11 0.43 -0.48
25.74 0.35 -0.48
43.22 0.68 0.52
55.17 0.61 0.52
78.35 0.71 -0.48
83.74 0.39 -0.48
97.74 0.43 -0.48
115.21 0.43 0.52
125.45 0.87 0.52
135.26 0.47 -0.48
152.65 0.91 0.52
158.42 0.61 0.52
168.58 0.48 -0.48
186.97 1.19 -0.48
195.81 0.91 -0.48
219.96 1.81 0.52
230.15 1.21 0.52
286.18 0.72 -0.48
296.24 0.83 -0.48
318.55 0.64 -0.48
333.1 0.65 -0.48
349.64 1.1 1.52
360.32 0.9 0.52
368.98 1.57 -0.48
385.06 0.49 1.52
395.26 0.39 0.52
405.5 0.41 -0.48
421.39 0.45 0.52
431.1 0.42 0.52
452.28 0.73 0.52
461.4 0.98 -0.48
485.82 0.51 0.52
490.23 1.27 0.52
500.54 0.76 -0.48
523.44 0.55 -0.48
534.11 0.85 -0.48
556.03 0.68 -0.48
560.12 0.98 -0.48
565.5 0.52 -0.48
