6.92 0.79 -1
12.34 1 -1
16.85 1.17 -1
37.8 0.74 1
43.29 0.74 1
53.72 1.01 0
79.81 0.65 1
85.75 0.77 1
95.35 0.81 0
122.46 0.78 -1
148.81 1.4 1
154.74 1.3 1
163.48 0.99 0
187.17 0.85 0
191.89 0.95 0
202.25 0.67 -1
218.65 0.91 1
229.55 0.72 0
253.43 0.66 1
258.36 0.43 1
268.71 0.75 0
291.28 1.62 0
302.44 0.61 0
314.13 0.65 -1
331.73 3.11 0
336.29 3.17 0
341.51 0.7 0
352.08 0.73 0
378.77 0.79 -1
387.52 0.63 -1
391.97 0.77 -1
454.38 0.69 0
464.42 0.73 -1
481.46 0.98 1
491.61 0.59 0
562.9 1.18 1
574.03 1.94 0
613.35 0.69 0
624.15 0.8 -1
