5.31 1.44 -0.44
14.37 0.55 -0.44
24.54 0.55 -0.44
41.95 0.67 -0.44
57.74 0.8 -0.44
74.23 1.36 1.56
85.44 0.65 -0.44
108.03 0.73 -0.44
112.71 0.67 -0.44
141.87 0.59 -0.44
151.96 0.69 -0.44
177.58 2.05 1.56
188.03 0.65 0.56
197.65 0.5 -0.44
217.23 0.64 -0.44
221.41 0.51 -0.44
232.11 0.52 -0.44
298.15 1.64 -0.44
303.73 0.74 -0.44
314.37 0.54 -0.44
338.41 0.64 0.56
349.38 1.75 0.56
369.64 1.96 -0.44
384.99 0.87 -0.44
400.89 0.63 1.56
410.4 0.56 0.56
432.63 1.51 -0.44
442.98 0.43 -0.44
454.54 0.54 -0.44
470.99 1.58 0.56
476.31 0.79 0.56
487.03 0.61 -0.44
509.01 1.25 0.56
520.48 0.68 0.56
530.66 0.77 -0.44
547.2 1.21 -0.44
556.48 0.56 -0.44
578.62 0.65 1.56
589.63 0.5 0.56
