5.6 0.72 0.35
16.58 0.54 -0.65
26.4 1.08 -0.65
44.99 0.73 1.35
55.4 3.11 0.35
60.07 0.57 0.35
70.66 0.71 -0.65
89.71 0.67 0.35
100.4 0.81 -0.65
110.69 0.85 -0.65
129.36 0.68 0.35
134.46 0.81 0.35
143.87 0.63 -0.65
167.1 0.43 1.35
171.37 0.53 1.35
181.24 0.53 0.35
205.56 0.8 0.35
216.29 0.74 -0.65
227.19 0.74 -0.65
244.24 0.88 0.35
249.14 0.62 0.35
259.42 0.48 -0.65
282.87 0.79 0.35
292.37 0.53 -0.65
302.9 0.54 -0.65
320.79 0.62 0.35
324.97 0.51 0.35
353.67 0.64 -0.65
358.4 1.09 -0.65
368.06 0.47 -0.65
389.92 1.22 0.35
395.98 0.72 0.35
405.83 0.67 -0.65
423.73 1.34 1.35
428.86 0.77 1.35
439.8 0.79 0.35
493.82 0.58 -0.65
503.27 0.53 -0.65
509.12 0.6 -0.65
526.47 0.66 1.35
537.31 0.9 0.35
547.09 0.5 -0.65
562.55 0.87 0.35
572.33 0.7 -0.65
582.37 0.64 -0.65
597.99 0.9 0.35
607.59 0.62 -0.65
616.73 0.58 -0.65
