5.6 0.66 -0.51
10.53 1.66 -0.51
37.69 0.36 0.49
43.19 0.34 0.49
47.59 1.36 0.49
71.9 0.69 -0.51
77.55 0.37 -0.51
107.95 0.91 -0.51
119.45 0.46 -0.51
141.07 0.79 0.49
150.86 2.63 0.49
173.11 0.6 1.49
184.68 0.71 0.49
205.9 0.39 -0.51
211.94 0.48 -0.51
217.6 0.5 -0.51
247.29 0.55 0.49
262.26 0.51 -0.51
284.68 0.72 0.49
293.51 0.95 -0.51
310.45 1.65 1.49
320.45 0.41 0.49
342.35 0.54 0.49
348.08 0.85 0.49
353.29 1.53 0.49
362.13 0.6 -0.51
380.76 0.43 -0.51
394.67 0.38 -0.51
417.82 0.44 -0.51
427.01 0.41 -0.51
442.92 0.38 1.49
453.25 0.39 0.49
461.86 0.29 -0.51
480.55 0.51 -0.51
485.93 0.89 -0.51
491.39 0.93 -0.51
500.42 1.08 -0.51
516.98 0.43 0.49
528.47 0.42 -0.51
533.01 0.48 -0.51
550.28 0.53 1.49
558.75 0.44 0.49
568.92 0.54 -0.51
588.19 0.47 -0.51
598.92 0.61 -0.51
