8.05 1.27 -0.59
13.32 0.8 -0.59
18.08 0.88 -0.59
74.69 1.2 -0.59
79.51 0.93 -0.59
90.23 0.77 -0.59
111.98 0.98 1.41
122.94 0.96 0.41
144.44 0.96 0.41
155.64 1.85 0.41
185.48 0.86 0.41
195.87 0.49 -0.59
212.34 2.32 0.41
216.43 0.91 0.41
226.52 0.7 -0.59
243.29 1.12 0.41
247.96 0.62 0.41
252.48 0.65 0.41
274.04 1.3 -0.59
290.25 0.65 -0.59
309.53 0.87 0.41
315.44 0.93 0.41
330.5 0.67 -0.59
348.06 0.8 1.41
359.04 1.12 0.41
382.99 1.78 1.41
393.38 0.77 0.41
414.58 1.32 0.41
426 0.85 0.41
435.54 1.26 -0.59
452.03 1.24 1.41
462.77 0.62 -0.59
483.45 0.98 -0.59
493.06 0.94 -0.59
503.5 0.9 -0.59
521.84 1.51 0.41
527.27 0.83 0.41
537.14 1.49 -0.59
555.35 0.87 -0.59
564.8 0.98 -0.59
573.26 0.81 -0.59
589.73 0.83 -0.59
601.03 0.92 0.41
611.13 0.92 -0.59
