6.73 0.47 -0.5
16.72 0.41 -0.5
22.02 0.48 -0.5
26.48 1.2 -0.5
44.12 0.61 -0.5
48.41 1.37 -0.5
107.74 1.23 0.5
117.22 1.08 0.5
136.75 0.59 0.5
147.8 0.65 -0.5
157.89 0.5 -0.5
176.3 0.65 0.5
185.69 0.76 -0.5
196.44 1.6 -0.5
212.38 1.04 -0.5
227.71 1.42 -0.5
242.97 0.64 -0.5
247.07 0.52 -0.5
252.07 0.6 -0.5
280.21 0.81 0.5
288.69 1.03 -0.5
316.01 1.46 0.5
321.19 0.51 0.5
326.58 0.77 0.5
347.66 0.63 0.5
351.82 1.36 0.5
362.52 0.67 0.5
385.52 0.63 1.5
389.9 0.89 1.5
399.85 0.94 0.5
422.19 0.8 1.5
433.78 0.94 0.5
455.64 0.62 -0.5
470.94 1.03 -0.5
525.68 0.68 0.5
536.29 0.73 -0.5
545.68 2.19 -0.5
560.62 0.88 -0.5
571.57 1.59 0.5
581.07 0.57 -0.5
598.58 0.74 -0.5
617.9 0.83 -0.5
