43.72 0.6 0.08
47.79 0.84 0.08
57.65 1.92 0.08
79.37 0.88 1.08
91.02 0.8 -0.92
114.67 0.6 -0.92
132.09 0.65 -0.92
148.63 0.39 -0.92
159.72 0.56 -0.92
186.02 2.08 0.08
195.42 1.36 0.08
218.24 0.74 1.08
222.66 1.57 1.08
233.92 1.4 0.08
256.09 1.57 0.08
267.35 0.93 0.08
288.19 0.59 1.08
298.8 0.8 0.08
323.24 0.7 1.08
332.74 0.94 0.08
356.36 0.75 0.08
366.33 0.93 0.08
376.4 1.28 -0.92
394.37 0.97 1.08
400.46 1.23 1.08
409.18 0.76 0.08
431.11 1.17 1.08
436.13 1.68 1.08
447.54 0.85 0.08
470.97 0.84 -0.92
475.91 0.66 -0.92
490.26 0.82 -0.92
511.74 0.52 -0.92
526.62 0.95 -0.92
543.33 1.09 1.08
553.55 1.29 0.08
563.16 0.66 -0.92
578.8 0.68 0.08
589.21 0.59 -0.92
