6.73 0.56 1.34
10.9 1.44 1.34
20.24 0.68 0.34
41.72 0.85 0.34
52.48 0.83 -0.66
56.91 0.56 -0.66
73.9 0.66 -0.66
79.41 1 -0.66
95.12 1.73 -0.66
112.55 0.48 0.34
121.87 0.65 -0.66
132.41 1 -0.66
149.32 0.47 1.34
154.19 0.79 1.34
166.11 0.6 0.34
191.21 0.77 -0.66
201.55 0.43 -0.66
217.13 0.64 1.34
223.17 0.96 1.34
232.29 0.79 0.34
255.85 0.49 -0.66
259.97 0.83 -0.66
288.28 0.46 1.34
298.42 1.06 0.34
307.87 0.78 -0.66
332.41 0.85 -0.66
344.36 0.65 -0.66
367.57 0.57 -0.66
371.81 1.09 -0.66
382.48 0.46 -0.66
399.14 1.15 -0.66
403.53 0.48 -0.66
409.11 0.43 -0.66
436.13 0.57 1.34
445.85 0.66 0.34
468.59 0.69 0.34
477.4 0.14 -0.66
499.79 0.47 0.34
505.84 0.71 0.34
516.88 0.86 -0.66
537.09 0.05 -0.66
547.37 0.68 -0.66
563.51 0.43 1.34
569.25 0.93 1.34
579.69 0.69 0.34
604.04 0.45 -0.66
614.55 0.11 -0.66
