7.86 0.66 1.36
19.45 0.71 0.36
43.15 0.56 1.36
47.67 0.86 0.36
56.94 0.65 -0.64
79.71 1.21 -0.64
90.84 0.88 -0.64
102.5 0.53 -0.64
120.18 0.7 0.36
131.93 0.54 0.36
143.05 0.66 -0.64
160.33 0.65 0.36
164.73 0.82 0.36
169.6 1.25 0.36
178.37 0.81 -0.64
195.06 0.48 0.36
204.82 0.8 0.36
215.18 0.71 -0.64
231.93 0.6 1.36
237.71 0.66 1.36
248.56 0.49 0.36
272.43 0.75 -0.64
276.5 0.99 -0.64
291.43 0.81 -0.64
306.94 1.5 1.36
316.52 1.25 0.36
339.57 0.51 1.36
344.25 0.73 1.36
354.11 0.74 0.36
376.75 0.46 -0.64
382.13 0.49 -0.64
386.2 0.58 -0.64
413.66 0.73 0.36
423.83 0.75 0.36
433.23 0.49 -0.64
449.92 0.49 -0.64
466.57 0.68 -0.64
490.9 0.84 -0.64
502.7 0.69 -0.64
524.26 0.63 0.36
533.99 0.69 0.36
545.75 0.46 -0.64
562.65 0.6 -0.64
567.11 0.5 -0.64
571.93 0.81 -0.64
598.21 0.73 -0.64
612.22 0.56 -0.64
