5.43 0.59 -0.33
15.41 0.6 -0.33
38.39 0.45 -0.33
44.4 0.91 -0.33
60.42 0.53 -0.33
138.59 0.46 0.67
148.35 0.48 0.67
158.26 0.67 -0.33
175.89 0.53 1.67
186.87 0.45 0.67
197.46 0.5 -0.33
215.03 0.46 0.67
225.4 0.47 -0.33
247.99 0.42 -0.33
253.26 0.49 -0.33
257.91 1.25 -0.33
279.3 0.59 -0.33
290.73 0.43 -0.33
295.27 0.52 -0.33
299.89 0.47 -0.33
320.7 0.78 -0.33
331.68 0.67 -0.33
351.98 0.44 0.67
361.03 0.52 0.67
370.98 0.55 -0.33
388.42 0.48 -0.33
398.59 0.46 -0.33
403.3 0.47 -0.33
407.59 0.47 -0.33
425.58 0.4 -0.33
435.19 0.49 -0.33
462.97 0.41 -0.33
468.93 0.45 -0.33
484.41 0.58 -0.33
501.22 0.59 0.67
517.24 0.73 -0.33
534.76 0.44 0.67
540.64 0.62 0.67
569.49 0.48 0.67
579.49 0.9 0.67
600.69 0.57 -0.33
610.51 1.59 0.67
619.98 0.62 -0.33
