5.14 0.59 0.29
10.79 0.37 0.29
25.58 0.36 -0.71
42.36 0.38 1.29
47.5 0.38 1.29
56.76 0.4 0.29
78.07 0.38 -0.71
93.14 0.43 -0.71
114.42 0.46 1.29
123.78 0.44 0.29
135.49 0.46 -0.71
152.79 0.38 1.29
163.12 0.4 0.29
184.6 0.35 -0.71
193.85 0.57 -0.71
223.13 0.48 -0.71
232.66 0.6 -0.71
289.22 0.49 1.29
299.19 0.36 0.29
309.4 0.39 -0.71
326.45 0.39 -0.71
330.83 0.38 -0.71
344.9 0.48 -0.71
361.36 0.54 0.29
365.69 0.38 0.29
375.08 0.44 0.29
399.2 0.49 0.29
405.19 0.36 0.29
409.79 0.34 0.29
415.02 0.36 0.29
435.24 0.62 -0.71
446.09 0.48 -0.71
469.3 0.39 0.29
477.65 0.48 0.29
505.67 0.63 0.29
509.97 0.44 0.29
514.11 0.61 0.29
535.12 0.45 0.29
546.58 0.35 0.29
568.39 0.38 -0.71
584.34 0.56 -0.71
589.86 0.36 -0.71
