5.66 0.64 1.45
17.1 0.49 0.45
45.88 0.75 0.45
55.08 0.57 -0.55
59.23 0.63 -0.55
74.11 1.08 -0.55
84.58 0.44 -0.55
96.25 0.76 -0.55
114.32 1.5 1.45
118.5 0.89 1.45
128.07 0.55 0.45
153.03 0.76 0.45
164.19 0.79 0.45
175.01 0.68 -0.55
192.91 1.09 -0.55
197.59 0.71 -0.55
228.22 0.65 1.45
238.35 0.95 0.45
261.7 2.57 0.45
271.53 2.34 0.45
282.73 0.87 -0.55
299.83 0.57 -0.55
314.32 0.35 -0.55
333.09 0.43 -0.55
337.44 0.43 -0.55
342.01 0.38 -0.55
373.55 1.4 0.45
383.4 0.43 -0.55
400.34 0.43 1.45
411.83 0.69 0.45
441.79 0.37 -0.55
450.94 0.57 -0.55
470.43 0.44 0.45
481.14 0.41 -0.55
486.07 0.28 -0.55
490.27 0.58 -0.55
514.98 0.59 0.45
524.68 0.39 -0.55
529.22 0.41 -0.55
548.39 2.09 0.45
558.85 0.49 0.45
568.63 0.62 -0.55
586.19 0.4 -0.55
595.43 0.39 -0.55
