6.28 0.48 -0.75
17.14 0.46 -0.75
39.24 0.43 1.25
43.6 0.53 1.25
53.14 0.86 0.25
75.93 0.5 0.25
80.55 0.9 0.25
90.67 0.7 -0.75
109.06 0.47 1.25
120.09 0.48 0.25
143.34 1.39 1.25
155.1 0.89 0.25
164.55 0.54 -0.75
181.96 0.5 0.25
190.49 0.69 -0.75
202.07 0.88 -0.75
218.46 0.45 1.25
229.44 0.88 0.25
238.72 0.52 -0.75
257.02 0.37 -0.75
267.12 0.81 -0.75
299.86 0.63 -0.75
310.43 0.43 -0.75
330.87 0.63 0.25
340.9 0.91 -0.75
349.17 0.49 -0.75
367.32 0.45 0.25
372.32 0.68 0.25
381.78 0.43 -0.75
399.66 0.49 1.25
410.35 1.16 0.25
433.18 0.62 1.25
443.28 0.46 0.25
455.24 1.11 -0.75
472.9 0.53 1.25
484.79 0.52 0.25
504.44 0.75 0.25
515.09 0.7 0.25
525.89 0.55 -0.75
542.16 0.48 0.25
553.28 0.42 -0.75
563.19 0.48 -0.75
579.74 0.4 0.25
589.19 0.38 -0.75
