5.75 0.72 -0.6
16.09 0.56 -0.6
41.39 0.55 -0.6
50.89 0.54 -0.6
68.43 1.17 -0.6
73.51 0.65 -0.6
79.46 0.49 -0.6
89.83 0.46 -0.6
105.57 0.67 1.4
115.21 0.95 0.4
124.73 0.64 -0.6
140.05 0.62 -0.6
149.53 0.67 -0.6
159.55 0.43 -0.6
176.43 2.14 0.4
181.18 1.03 0.4
189.65 0.52 -0.6
194.32 0.62 -0.6
212.63 0.76 1.4
218.51 0.77 1.4
228.61 0.55 0.4
252.9 0.51 -0.6
262.61 0.47 -0.6
284.98 1.24 0.4
294.63 0.61 0.4
304.55 0.67 -0.6
320.97 0.64 -0.6
325.09 1.26 -0.6
340.04 0.61 -0.6
358.18 1.24 0.4
367.73 1.56 0.4
389.36 3.04 1.4
393.53 0.72 1.4
401.84 3.04 0.4
406.98 1.04 0.4
417.65 0.54 -0.6
510.78 0.81 0.4
516.59 0.63 0.4
531.91 0.47 -0.6
549.92 0.7 0.4
554.85 0.62 0.4
565.94 0.46 0.4
587.15 1.36 0.4
596.86 0.53 0.4
607.39 0.51 -0.6
