7.92 0.67 0.35
13.99 0.69 0.35
23.13 0.77 -0.65
46.01 0.91 -0.65
62.17 0.65 -0.65
79.31 0.79 1.35
87.85 0.81 0.35
96.24 1.34 -0.65
114.33 0.69 1.35
125.19 0.73 0.35
146.41 0.58 -0.65
150.6 0.88 -0.65
161.74 0.72 -0.65
336.57 1.02 -0.65
346 0.46 0.35
357.21 0.6 -0.65
374.88 0.82 0.35
384.17 0.76 0.35
408.24 1.04 1.35
417.99 0.64 0.35
439.98 0.63 0.35
450.24 0.61 0.35
476.48 0.45 -0.65
508.66 1.13 0.35
519.27 0.74 -0.65
541.62 0.54 -0.65
545.91 0.7 -0.65
555.49 1.05 -0.65
578.56 1.52 1.35
587.89 0.51 0.35
598.54 0.58 -0.65
