6.08 0.86 -0.66
10.95 0.89 -0.66
15.02 0.82 -0.66
35.42 0.73 0.34
45.39 0.88 0.34
55.75 0.82 -0.66
78.59 0.75 -0.66
88.66 1.09 -0.66
106.34 0.75 -0.66
111.58 1.25 -0.66
127.12 1.08 -0.66
143.82 1.05 -0.66
157.38 0.57 -0.66
181.18 0.96 1.34
189.78 1.74 0.34
200.43 1.72 -0.66
216.83 0.68 -0.66
221.16 1 -0.66
250.25 0.78 0.34
261.28 1.27 0.34
272.19 0.91 -0.66
296.46 0.95 -0.66
300.87 0.83 -0.66
306.69 0.85 -0.66
326.58 1.14 0.34
330.79 1.04 0.34
340.96 0.51 -0.66
362.19 1.02 1.34
370.73 2.04 0.34
429.13 0.75 0.34
440.47 1 0.34
463.65 3.04 1.34
468.6 1.15 1.34
473.21 1.35 0.34
483.63 0.67 -0.66
506.1 2.52 0.34
514.57 1.22 0.34
535.86 0.69 1.34
546.23 1.03 0.34
566.26 0.63 1.34
577.45 1.02 0.34
587.2 0.65 -0.66
603.45 0.89 0.34
614.23 0.97 0.34
