5.33 3.15 1.26
10.18 3.12 1.26
15.86 3.12 1.26
20.91 3.1 1.26
26.27 0.86 1.26
42.97 1.28 0.26
69.29 1.33 -0.74
83.46 1.13 -0.74
107.21 1.72 0.26
118.96 1.4 -0.74
124.03 1.94 -0.74
147.47 2.86 -0.74
162.83 0.85 -0.74
180.6 2.53 0.26
185.48 1.12 0.26
190.98 1.16 0.26
220.11 0.86 -0.74
247.67 2.97 -0.74
253.13 1.01 -0.74
268.87 0.68 -0.74
285.51 3.12 0.26
290.65 3.12 0.26
296.18 0.47 0.26
306.14 0.97 -0.74
329.39 0.86 -0.74
345.47 0.57 -0.74
364.73 2.13 -0.74
378.86 1.15 -0.74
396.1 3.12 0.26
401.55 3.11 0.26
407.07 1.07 0.26
417.42 1.97 0.26
444.86 2.29 0.26
454.31 0.72 0.26
463.52 0.52 -0.74
479.89 1.57 1.26
489.79 0.76 0.26
511.78 3.11 0.26
516.08 1.03 0.26
530.11 1.67 0.26
541.22 0.83 -0.74
558.37 1.41 0.26
568.05 0.63 -0.74
577.68 1.28 -0.74
595.3 2.46 1.26
604.69 0.82 0.26
