41.89 0.7 -0.68
57.47 0.67 -0.68
61.87 0.75 -0.68
77.67 0.65 0.32
86.49 0.85 0.32
97.48 0.86 -0.68
113.74 0.77 1.32
122.9 0.9 0.32
134.36 0.69 -0.68
155.83 0.74 -0.68
166.26 0.94 -0.68
186.54 1.12 -0.68
195.97 1.19 -0.68
206.56 0.62 -0.68
319.53 0.74 1.32
328.11 1.33 0.32
351.1 1.3 1.32
361.04 1.6 0.32
382.41 1.68 0.32
387.89 1.55 0.32
397.11 1.06 -0.68
412.61 0.7 0.32
423.03 0.88 0.32
433.24 0.69 -0.68
450.36 1.35 0.32
465.62 0.8 -0.68
481.35 0.77 1.32
492.92 1.15 0.32
513.68 1.62 0.32
523.68 0.84 -0.68
528 1.1 -0.68
532.78 1 -0.68
550.58 0.74 0.32
556.41 2.35 0.32
565.35 1.27 0.32
587.35 3.04 0.32
591.99 0.35 0.32
603.05 0.81 0.32
