5.12 1.21 -0.75
21.07 0.42 -0.75
38.65 0.56 1.25
49.35 0.42 0.25
70.81 0.5 0.25
76.16 0.42 0.25
86.65 0.39 -0.75
114.82 0.46 -0.75
197.95 0.88 0.25
209.87 0.8 -0.75
227.76 0.9 1.25
237.29 0.4 0.25
295.32 0.75 -0.75
300.25 0.39 -0.75
327.75 0.59 1.25
337.61 0.43 0.25
361.07 0.39 1.25
370.81 0.38 0.25
399.54 0.84 0.25
411.33 0.74 -0.75
416.95 0.35 -0.75
434.58 0.53 1.25
443.34 0.42 0.25
453.81 0.67 -0.75
470.21 0.5 -0.75
474.26 0.43 -0.75
503.2 0.6 0.25
508.25 0.44 0.25
512.4 0.42 0.25
517.3 1.42 0.25
540.09 0.58 0.25
550.01 0.4 -0.75
555.54 0.36 -0.75
559.95 0.42 -0.75
578.31 0.36 1.25
587.91 0.38 0.25
