6.29 0.76 1.26
11.72 1.02 1.26
20.7 1.41 0.26
43.91 2.34 -0.74
54.43 0.49 -0.74
65.52 0.66 -0.74
83.99 0.7 1.26
88.63 0.61 1.26
99.25 0.52 0.26
121.58 0.59 0.26
131.01 1.11 0.26
142.49 0.51 -0.74
157.63 0.78 1.26
167.62 0.58 0.26
188.21 1.23 0.26
197.42 1.02 0.26
219.68 0.6 0.26
229.71 0.59 -0.74
238.9 1.12 -0.74
258.47 1.43 1.26
263.52 0.81 1.26
274.11 0.72 0.26
297.06 0.53 -0.74
301.56 0.61 -0.74
311.08 1.07 -0.74
334.42 3.11 1.26
340.51 0.47 1.26
351.98 0.61 0.26
374.93 2.44 0.26
385.91 0.73 -0.74
407.78 1.76 1.26
418.32 0.61 -0.74
442.43 0.62 -0.74
447.45 0.57 -0.74
459.02 1.61 -0.74
477.55 1.91 -0.74
494.23 0.53 -0.74
510.83 0.73 -0.74
521.28 1.11 -0.74
580.42 0.39 -0.74
590.46 0.57 -0.74
595.08 0.6 -0.74
