7.67 0.83 -0.41
17.35 2.08 -0.41
27.26 1.24 -0.41
82.86 1.24 1.59
92.98 1.31 0.59
103.52 0.64 -0.41
165.47 0.55 -0.41
169.98 0.81 -0.41
183.77 0.98 -0.41
200.8 0.65 1.59
210.77 0.93 0.59
233.95 0.61 0.59
239.78 0.68 0.59
244.32 1.98 0.59
254.17 1.17 -0.41
271.62 0.52 -0.41
276.97 0.69 -0.41
309.29 0.58 -0.41
318.72 0.93 -0.41
375.46 0.67 0.59
380.94 0.79 0.59
386.81 0.87 0.59
409.5 0.67 -0.41
425.73 0.97 -0.41
500.54 1.12 -0.41
509.49 1.48 -0.41
531 0.63 0.59
536.98 0.56 0.59
550.74 0.78 -0.41
572.89 0.78 -0.41
584.23 0.84 -0.41
605.76 1.6 -0.41
610.54 1.25 -0.41
621.74 0.54 -0.41
