11.16 0.78 0.4
16.21 0.65 0.4
20.46 0.99 0.4
79.98 0.89 0.4
89.78 0.64 -0.6
99.65 0.71 -0.6
116.41 1.07 1.4
126.86 0.73 0.4
147.17 0.74 0.4
151.36 0.84 0.4
160.96 0.63 -0.6
176.5 0.79 -0.6
189.93 1.02 -0.6
207.74 0.71 0.4
212.29 0.84 0.4
217.79 0.77 0.4
227.61 0.55 -0.6
245.3 0.88 -0.6
255.66 0.81 0.4
265.22 0.79 -0.6
282.23 0.78 -0.6
287.89 0.79 -0.6
314.78 0.71 1.4
325.67 0.9 0.4
334.34 0.66 -0.6
350.97 0.78 -0.6
359.91 0.57 -0.6
382.08 0.64 -0.6
386.65 0.75 -0.6
401.61 0.93 -0.6
457.33 0.84 0.4
472.69 0.75 -0.6
489.4 0.81 0.4
499.18 0.54 -0.6
520.07 0.71 -0.6
534 0.78 -0.6
551.14 0.83 0.4
557.02 0.74 0.4
566.88 0.95 -0.6
589.45 0.79 1.4
594.01 1.28 1.4
603.82 0.8 0.4
