7.22 0.57 1.34
17.51 0.27 0.34
27.28 0.36 -0.66
45.02 0.91 1.34
55.59 0.34 0.34
65.93 0.26 -0.66
84.2 0.31 -0.66
93.64 0.45 -0.66
104.62 0.65 -0.66
126.87 0.47 -0.66
140.81 0.45 -0.66
160.08 0.61 1.34
170.27 0.43 0.34
231.03 0.35 -0.66
236.21 1.19 -0.66
263.47 0.31 -0.66
273.44 0.39 -0.66
278.62 0.65 -0.66
283.16 0.97 -0.66
300.24 0.46 1.34
312.16 0.33 0.34
335.44 0.08 0.34
340.35 0.33 0.34
350.68 0.37 0.34
372.17 0.51 -0.66
377.76 0.13 -0.66
386.03 0.4 -0.66
408.9 0.31 -0.66
418.94 0.4 0.34
429.24 0.3 -0.66
446.54 0.28 1.34
454.98 0.34 0.34
475.12 1.29 0.34
491.19 0.38 -0.66
509.11 0.29 1.34
519.61 0.54 0.34
543.01 0.47 1.34
553.02 0.38 0.34
573.96 0.36 0.34
583.97 0.35 -0.66
593.36 0.97 -0.66
