7.72 0.77 1.4
13.76 0.66 0.4
22.67 0.61 -0.6
45.38 0.39 1.4
55 0.77 0.4
78.42 0.49 -0.6
88.37 0.59 -0.6
92.49 0.76 -0.6
147.68 0.51 0.4
156.13 0.63 -0.6
166.41 0.55 -0.6
189.11 0.47 -0.6
215.67 0.34 -0.6
224.47 0.38 -0.6
234.61 0.42 -0.6
253.03 0.35 0.4
263.02 0.62 0.4
273.05 0.73 -0.6
291.21 0.56 0.4
301.8 0.36 0.4
326.88 0.37 -0.6
336.79 0.4 -0.6
357.35 0.65 0.4
363.01 0.54 0.4
367.09 0.52 0.4
388.42 0.55 1.4
398.23 0.4 0.4
407.79 0.64 -0.6
424.48 0.44 0.4
435.64 0.37 0.4
444.59 0.85 -0.6
462.8 0.99 0.4
473.47 0.58 0.4
500.76 0.81 -0.6
517.1 0.62 -0.6
533.74 0.78 0.4
538.39 0.72 0.4
547.83 0.56 -0.6
564.33 0.37 0.4
568.43 0.37 0.4
573.61 0.84 0.4
579.18 0.45 0.4
598.98 0.55 -0.6
613.95 0.41 -0.6
619.77 0.41 -0.6
