5.4 0.52 1.23
14.49 0.59 0.23
36.71 0.61 0.23
42.34 0.45 0.23
53.44 0.36 0.23
80.67 0.37 0.23
91.35 0.6 0.23
113.22 0.63 0.23
118.59 0.39 0.23
123.03 1.34 0.23
184.17 0.28 -0.77
188.62 0.27 -0.77
221.67 0.31 0.23
232.64 0.31 0.23
253.34 0.45 0.23
264.2 0.29 0.23
274.2 2.71 -0.77
291.68 0.72 1.23
302.73 0.32 0.23
323.27 1.46 1.23
333.98 1.25 0.23
356.81 0.33 1.23
368.65 0.41 0.23
378.34 0.46 -0.77
395.66 0.29 -0.77
405.05 0.39 -0.77
409.17 0.52 -0.77
425.33 0.44 0.23
434.25 0.32 -0.77
445.09 0.45 -0.77
462.69 0.55 0.23
472.92 0.41 0.23
497.29 0.33 1.23
507.58 0.7 0.23
518.46 0.33 -0.77
536.91 0.32 0.23
546.43 0.34 -0.77
555.43 0.39 -0.77
573.54 0.29 0.23
582.85 0.43 0.23
609.55 0.32 -0.77
618.13 0.75 -0.77
624.07 0.79 -0.77
