12.03 0.51 -0.56
27.18 0.61 -0.56
45.09 0.72 1.44
55.17 0.75 0.44
65.35 0.54 -0.56
82.84 0.66 0.44
99.03 0.59 0.44
122.65 0.35 -0.56
127.22 0.64 -0.56
138.7 0.7 -0.56
162.17 0.68 0.44
172.77 0.52 -0.56
193.01 0.56 1.44
204.02 0.6 0.44
227.51 0.48 0.44
242.22 0.5 -0.56
260.82 0.5 -0.56
265.11 0.5 -0.56
275.48 0.5 -0.56
291.22 0.57 -0.56
307.09 0.98 -0.56
325.32 0.46 -0.56
334.5 0.51 -0.56
358.58 0.55 0.44
369.53 0.48 -0.56
373.82 0.69 -0.56
392.9 0.54 1.44
401.72 0.56 0.44
425.12 0.48 1.44
434.65 0.58 0.44
458.44 0.61 0.44
462.68 0.61 0.44
468.66 0.55 0.44
490.14 0.53 -0.56
505.56 0.61 -0.56
511.45 0.83 -0.56
565.08 0.54 -0.56
575.19 0.83 -0.56
585.89 0.47 -0.56
602.99 0.58 1.44
614.44 0.52 0.44
