7.07 0.85 0.32
16.06 0.57 -0.68
20.44 0.42 -0.68
36.57 0.75 -0.68
41.58 0.91 -0.68
52.17 0.85 -0.68
77.5 1.26 1.32
88.14 0.85 0.32
110.06 0.89 1.32
114.57 0.89 1.32
125.52 0.94 0.32
149.25 0.66 0.32
153.85 0.69 0.32
157.9 0.59 0.32
221.92 0.39 0.32
227.12 0.48 0.32
232.11 1.08 0.32
258.01 2 -0.68
274.49 0.66 -0.68
291.19 0.63 1.32
302.25 0.68 0.32
325.79 0.52 1.32
335.29 0.63 0.32
356.46 1.7 1.32
365.89 0.52 0.32
389.96 0.89 -0.68
399.37 0.71 -0.68
428.06 1.62 -0.68
442.5 0.37 -0.68
459.65 0.39 -0.68
464.39 0.54 -0.68
481.89 0.79 -0.68
499.11 1.59 -0.68
504.56 1.17 -0.68
532.12 0.72 -0.68
537.3 0.4 -0.68
565.32 0.56 0.32
576.57 0.41 0.32
600.31 0.71 0.32
605.33 0.46 0.32
615.91 0.4 -0.68
