5.38 1.21 1.65
15.32 0.58 0.65
38.78 1.91 0.65
47.8 0.92 -0.35
52.93 0.83 -0.35
69.67 0.6 -0.35
73.85 0.9 -0.35
90.38 0.65 -0.35
106.48 0.72 0.65
117.71 0.58 0.65
128.91 2.43 -0.35
147.66 1.26 -0.35
156.68 0.75 -0.35
185.51 0.74 -0.35
200.72 1.29 -0.35
217.27 0.71 0.65
221.43 2.52 0.65
235.18 0.96 -0.35
258.51 2.09 -0.35
268.59 0.72 -0.35
290.01 1.69 -0.35
294.27 1.8 -0.35
320.85 1.49 1.65
331.88 1.81 0.65
342.52 1.5 -0.35
360.74 1.41 -0.35
365.92 1.06 -0.35
391.94 0.64 0.65
401.75 0.96 -0.35
426.58 0.88 -0.35
441.64 1.4 -0.35
447.41 1.23 -0.35
464.07 1.51 0.65
475.21 0.84 0.65
498.01 0.67 -0.35
503.81 1.01 -0.35
520.8 1.32 -0.35
537.51 1.85 0.65
547.23 1.48 -0.35
552.89 0.91 -0.35
557.9 1.39 -0.35
580.38 2.21 -0.35
596.07 1.33 -0.35
