39.78 1.41 1.34
45.52 0.8 1.34
57.08 0.6 0.34
81.24 1.55 1.34
86.14 1.43 1.34
96.73 0.51 0.34
117.96 0.37 -0.66
134.09 0.57 -0.66
150.13 0.35 -0.66
154.56 0.28 -0.66
171.11 0.65 -0.66
186.59 0.79 -0.66
197.51 0.57 -0.66
218.77 0.83 -0.66
223.01 0.42 -0.66
251.2 0.93 0.34
257.15 0.45 0.34
287.89 0.52 0.34
298.39 0.32 -0.66
315.52 0.57 0.34
325.91 0.41 0.34
336.22 0.5 -0.66
353.68 0.33 0.34
369.18 0.33 -0.66
385.34 0.47 -0.66
390.13 0.37 -0.66
394.8 0.36 -0.66
415.34 1.83 0.34
425.31 0.65 0.34
445.76 1.88 0.34
457.04 0.78 0.34
467.6 0.65 -0.66
484.64 0.62 0.34
494.65 0.36 -0.66
500.36 0.43 -0.66
516.7 0.48 1.34
521.5 0.87 1.34
530.1 0.42 0.34
551.19 0.32 -0.66
555.87 0.33 -0.66
569.97 0.35 -0.66
586.96 0.39 1.34
597.92 0.33 0.34
607.63 0.36 -0.66
