6.97 1.04 1.22
18.45 0.74 0.22
144.89 1.19 -0.78
156.47 0.79 -0.78
166 0.69 -0.78
182.06 1.79 1.22
193.39 0.63 0.22
204.12 0.73 -0.78
222.99 2.99 0.22
227.98 3.1 0.22
232.61 1.56 0.22
246.8 0.97 -0.78
262.94 0.73 0.22
272.41 0.62 -0.78
284.47 0.8 -0.78
301.28 1.42 -0.78
310.13 0.53 -0.78
333.53 0.73 0.22
339.64 0.9 0.22
350.8 0.64 -0.78
374.31 0.68 1.22
385.68 0.56 0.22
396.25 0.71 -0.78
413.93 0.79 1.22
424.49 0.97 0.22
444.28 1.59 1.22
454.09 0.54 0.22
475.09 1.89 1.22
485.47 0.84 0.22
513.62 1.67 -0.78
522.83 0.53 -0.78
542.87 0.57 0.22
553.14 0.65 0.22
563.06 1.46 -0.78
580.47 1.74 0.22
589.9 1.11 0.22
