7.49 0.53 -0.58
17.47 0.56 -0.58
29.44 0.62 -0.58
86.37 2.36 0.42
101.93 1.25 0.42
123.95 0.41 0.42
132.56 0.85 0.42
194.02 0.57 -0.58
210 0.8 -0.58
231.77 0.66 -0.58
240.15 0.8 -0.58
306.04 0.97 0.42
315.77 0.5 0.42
337.63 0.4 -0.58
348.13 0.61 -0.58
419.12 1.3 -0.58
424.28 0.58 -0.58
451.33 1.22 0.42
456.49 0.93 0.42
471.25 0.59 -0.58
488.66 0.6 0.42
493.18 0.6 0.42
503.09 0.45 -0.58
527.02 0.61 0.42
537.31 0.42 -0.58
559.21 1.55 0.42
569.12 0.85 0.42
580.23 1.8 -0.58
596.53 2.24 1.42
600.6 0.74 1.42
609.62 0.49 0.42
