5.53 0.87 0.47
16.17 1.48 0.47
41.35 0.68 -0.53
51.35 1.03 -0.53
73.55 0.87 0.47
89.9 0.42 -0.53
105.12 0.88 0.47
120.13 0.83 0.47
142.42 0.7 -0.53
151.89 0.91 -0.53
174.18 1.02 -0.53
179.33 0.79 -0.53
192.9 0.81 -0.53
208.52 1.08 -0.53
224.13 1.1 -0.53
243.55 0.7 1.47
254.46 0.86 0.47
282.33 1.68 -0.53
308.99 0.74 0.47
317.67 0.91 -0.53
382.16 0.8 -0.53
388.07 0.88 -0.53
398.57 1.27 -0.53
421.34 2.03 0.47
430.44 1.07 0.47
440.17 0.93 -0.53
457.88 1.15 1.47
468.05 1.25 0.47
490.01 1.01 0.47
494.77 0.99 0.47
505.6 1.11 -0.53
521.48 0.89 1.47
532.35 1.47 0.47
554.02 0.89 0.47
565.08 1.33 -0.53
585.58 1.07 -0.53
599.51 2.3 -0.53
604.3 0.84 -0.53
