7.18 0.58 -0.66
16.76 0.54 -0.66
39.49 0.48 0.34
45.44 0.43 0.34
56.39 0.74 0.34
82.48 0.55 0.34
94.2 0.79 -0.66
112.5 0.55 1.34
118.11 1.07 1.34
127.15 0.72 0.34
148.27 0.51 -0.66
152.93 0.58 -0.66
181.03 0.8 -0.66
186.04 0.46 -0.66
190.2 0.78 -0.66
220.86 0.46 0.34
225.14 0.93 0.34
229.98 0.74 0.34
250.95 1.57 0.34
262.52 0.46 -0.66
267.87 0.67 -0.66
291.48 0.43 -0.66
301.52 0.68 -0.66
320.49 0.61 0.34
330.29 0.48 0.34
340.35 0.57 -0.66
356.92 0.59 -0.66
371.74 0.5 -0.66
390.97 0.67 1.34
396.7 0.64 1.34
406.74 0.47 0.34
430.1 0.72 0.34
439.11 0.79 -0.66
461.92 0.45 0.34
467.08 0.52 0.34
495.8 0.86 0.34
500.25 0.98 0.34
510.17 0.98 -0.66
531.59 0.36 0.34
535.78 0.39 0.34
540.43 0.61 0.34
563.83 0.4 0.34
573.41 0.84 0.34
584.25 0.56 -0.66
600.68 0.75 0.34
614.89 0.77 -0.66
620.85 0.55 -0.66
