7.04 0.72 0.6
18.7 0.41 -0.4
23.21 0.82 -0.4
27.36 0.81 -0.4
44.91 0.48 -0.4
54.22 0.81 -0.4
75.19 1.09 0.6
80.09 0.91 0.6
90.58 0.59 -0.4
115.32 0.88 -0.4
130.81 0.54 -0.4
146.83 0.84 -0.4
152.57 2.02 -0.4
180.36 0.64 0.6
185.07 0.6 0.6
194.15 0.85 0.6
213.92 0.96 -0.4
218.76 0.75 -0.4
233.42 0.81 -0.4
248.88 1.25 0.6
253.39 0.9 0.6
280.55 0.47 -0.4
290.09 0.54 -0.4
299.39 0.76 -0.4
361.74 0.47 0.6
372.32 0.64 -0.4
383.8 0.7 -0.4
402.64 0.57 1.6
411.14 0.93 0.6
432.26 0.72 0.6
437.36 0.77 0.6
447.71 0.58 -0.4
464.51 0.51 -0.4
469.2 0.87 -0.4
473.51 0.93 -0.4
495.69 0.47 -0.4
500.59 0.5 -0.4
514.73 0.69 -0.4
532.27 0.43 -0.4
537.84 0.78 -0.4
543.39 0.81 -0.4
564.62 0.86 1.6
575.57 1.2 0.6
602.57 1.86 0.6
611.82 1.7 -0.4
