12.98 1.89 -0.68
18.5 2.58 -0.68
23.97 1.97 -0.68
44.93 2.69 -0.68
54.48 2.03 -0.68
65.3 1.16 -0.68
84.62 2.16 -0.68
90.18 1.01 -0.68
99.32 1.19 -0.68
115.91 2.09 1.32
126.2 0.88 0.32
136.08 0.83 -0.68
163.52 1.72 0.32
173.41 1.13 -0.68
189.1 2.38 -0.68
199.01 1.33 0.32
210.59 0.97 -0.68
228.94 1.95 0.32
233.1 1.23 0.32
242.64 1.8 0.32
265.37 1.43 0.32
270.02 0.94 0.32
290.72 0.94 -0.68
307.3 1.51 -0.68
316.58 1.1 0.32
327.07 1.15 -0.68
344.67 0.55 0.32
349.05 1.14 0.32
358.43 0.76 -0.68
376.14 0.8 0.32
381.61 0.89 0.32
387.15 1.21 0.32
408.21 1.45 1.32
418.59 1.43 0.32
429.33 0.92 -0.68
446.02 0.93 0.32
456.64 1.05 0.32
476.29 1.45 1.32
486 1.24 0.32
508.03 0.78 -0.68
524.57 0.85 -0.68
548.84 0.89 0.32
554.89 0.72 0.32
559.33 1.1 0.32
582.03 1.64 1.32
587.27 1.07 1.32
597.77 1.09 0.32
