30.55 3.04 0.42
36.03 0.58 0.42
50.83 1.28 -0.58
66.73 0.83 -0.58
80.52 0.7 -0.58
85.39 0.56 -0.58
103.25 1.03 0.42
117.69 0.5 -0.58
134.26 2.77 1.42
150.58 1.03 0.42
173.89 0.9 -0.58
183.04 0.67 -0.58
187.83 0.92 -0.58
192.98 1.05 -0.58
209.87 0.67 -0.58
215.27 0.52 -0.58
328.67 1.5 0.42
332.75 3.04 0.42
349.32 0.58 -0.58
365.97 0.62 1.42
371.16 0.99 1.42
380.24 0.88 0.42
400.77 2.27 -0.58
416.85 0.7 -0.58
438.47 0.72 1.42
447.8 0.59 0.42
469.55 2.71 0.42
479.34 0.79 0.42
502.15 0.71 0.42
506.61 0.58 0.42
510.83 0.7 0.42
533.85 0.57 -0.58
542.9 0.68 -0.58
565.81 1.5 0.42
579.39 1.85 -0.58
595.78 0.59 -0.58
605.2 0.91 -0.58
615.16 0.7 -0.58
