5.53 1 -0.79
11.14 0.71 -0.79
27.5 0.45 -0.79
43.42 0.61 0.21
48.86 0.84 0.21
59.65 0.73 -0.79
82.43 0.51 -0.79
95.77 0.55 -0.79
119.23 0.63 1.21
127.71 0.66 0.21
149.77 1.48 0.21
160.43 0.51 0.21
186.91 0.7 0.21
195.87 0.65 -0.79
212.51 0.78 1.21
218.16 0.79 1.21
229.56 0.66 0.21
253.91 0.48 0.21
265.28 0.5 0.21
289.56 0.81 1.21
300.01 0.71 0.21
309.19 0.56 -0.79
332 0.9 -0.79
340.21 0.61 -0.79
367.97 0.73 0.21
373.29 0.67 0.21
377.35 0.72 0.21
399.42 1.17 -0.79
409.44 0.83 -0.79
431.76 0.61 1.21
442.37 0.58 0.21
464.2 1.07 1.21
473.7 1.16 0.21
497.27 0.97 0.21
506.35 0.96 -0.79
510.6 0.93 -0.79
529.17 0.45 0.21
538.85 0.53 -0.79
560.79 0.84 1.21
571.98 0.86 0.21
582.85 1.05 -0.79
598.56 1.19 0.21
607.7 0.83 0.21
