5.31 0.55 -0.65
9.77 0.44 -0.65
14.28 0.45 -0.65
23.08 0.4 -0.65
41.27 0.43 1.35
52.28 0.65 0.35
61.16 0.59 -0.65
79.6 0.39 0.35
84.35 0.43 0.35
93.09 0.36 0.35
115.51 0.38 0.35
126.67 0.47 -0.65
138.08 1.37 -0.65
157 0.4 0.35
162.88 0.46 0.35
172.1 0.49 0.35
196.68 0.4 -0.65
200.8 0.81 -0.65
227.06 0.5 1.35
232.06 0.42 1.35
242 1.05 0.35
262.66 0.58 0.35
267.15 0.49 0.35
276.23 0.48 0.35
298.78 0.44 1.35
303.96 0.44 1.35
313.13 0.4 0.35
334.94 0.41 -0.65
344.24 0.42 -0.65
349.23 0.37 -0.65
365.94 0.48 -0.65
370.7 0.44 -0.65
381.16 0.93 -0.65
403.83 0.36 1.35
408.21 0.41 1.35
417.92 0.45 0.35
479.19 0.58 -0.65
488.97 0.41 -0.65
505.91 0.37 -0.65
511.37 0.4 -0.65
520.39 0.36 -0.65
543.87 0.48 0.35
553.85 0.37 0.35
575.32 0.5 -0.65
580.2 0.49 -0.65
584.58 0.41 -0.65
