7.05 0.68 -0.5
11.79 0.91 -0.5
40.23 0.46 1.5
50.77 0.55 0.5
77.51 1.23 -0.5
88.31 0.77 -0.5
104.14 0.54 1.5
113.89 0.92 0.5
122.98 0.68 -0.5
141.13 0.81 -0.5
145.32 0.69 -0.5
171.81 0.61 0.5
177.44 0.55 0.5
188.55 1.2 -0.5
192.78 0.75 -0.5
210.4 0.9 0.5
219.78 0.49 -0.5
241.74 0.9 0.5
246.33 0.92 0.5
255.41 1.04 -0.5
271.68 0.88 -0.5
282.02 0.5 -0.5
290.88 0.65 -0.5
307.7 0.62 -0.5
323.41 0.84 -0.5
327.71 0.49 -0.5
344.28 0.79 -0.5
354.62 1.17 -0.5
382.66 0.66 0.5
391.34 1.04 -0.5
397.21 0.98 -0.5
416.57 0.57 0.5
425.57 0.48 -0.5
446.8 0.64 1.5
456.75 1.84 0.5
482.93 0.52 -0.5
508.28 0.73 -0.5
512.52 0.71 -0.5
522.24 0.56 -0.5
546.51 0.87 1.5
551.54 0.63 1.5
561.82 0.51 0.5
583.52 0.6 0.5
594.33 0.62 -0.5
