5.32 0.76 1.21
10.08 0.8 1.21
20.51 0.5 0.21
40.15 0.56 1.21
49.45 0.49 0.21
59.54 1.21 -0.79
77.99 0.64 1.21
86.53 0.9 0.21
107.77 0.52 1.21
116.68 0.75 0.21
138.05 0.55 1.21
142.81 0.54 1.21
153.17 0.45 0.21
177.61 0.49 1.21
189.14 0.72 0.21
198.72 0.5 -0.79
251.46 0.45 -0.79
260.82 0.6 -0.79
266.14 0.44 -0.79
271.19 0.35 -0.79
288.22 0.52 -0.79
298.15 0.46 -0.79
307.68 0.56 -0.79
324.57 0.52 -0.79
339.95 0.49 -0.79
358.3 0.48 -0.79
362.49 0.59 -0.79
397.68 0.45 -0.79
407.64 0.55 -0.79
431.33 0.52 0.21
435.82 0.47 0.21
440.46 0.42 0.21
466.1 0.71 0.21
471.09 1.23 0.21
480.78 0.76 0.21
501.82 0.67 1.21
511.68 0.46 0.21
534.47 0.71 -0.79
544.18 0.5 -0.79
555.78 0.47 -0.79
571.76 0.66 1.21
583.61 0.56 0.21
592.67 0.52 -0.79
