7.52 0.51 1.26
12.64 0.72 1.26
21.81 0.58 0.26
42.84 0.41 -0.74
54.15 0.5 -0.74
83.13 1.62 -0.74
91.93 0.31 -0.74
113.73 0.42 0.26
119.64 0.54 0.26
130.14 0.49 -0.74
148.16 1.37 -0.74
152.76 0.71 -0.74
179.17 0.45 0.26
189.93 0.45 -0.74
211.94 0.43 -0.74
221.06 0.39 -0.74
244.2 0.43 0.26
258.47 0.31 0.26
279.23 0.43 1.26
289.14 0.44 0.26
312.72 0.41 -0.74
327.45 0.3 -0.74
345.71 0.89 1.26
354.42 0.51 0.26
376.28 1.8 1.26
382.23 0.76 1.26
392.23 0.45 0.26
414.48 0.39 -0.74
425.59 0.26 -0.74
447.49 0.41 1.26
457.66 0.37 0.26
468.58 0.32 -0.74
489.98 3.04 0.26
495.08 0.74 0.26
505.33 0.45 0.26
529.16 0.4 0.26
534.97 0.69 0.26
550.1 0.69 -0.74
567.97 0.46 -0.74
572.84 0.34 -0.74
578.13 0.33 -0.74
600.48 1.14 1.26
611.35 0.62 0.26
