7.19 0.53 -0.55
17.26 0.52 -0.55
38.66 0.55 -0.55
43.66 0.52 -0.55
70.05 0.38 -0.55
79.67 0.49 -0.55
89.33 0.46 -0.55
106.42 0.9 0.45
116.64 0.5 -0.55
144.62 0.71 0.45
155.34 0.62 -0.55
171.58 0.75 1.45
181.17 0.5 0.45
211.06 0.61 -0.55
222.46 0.48 -0.55
228.48 0.4 -0.55
250.71 0.51 0.45
262.47 0.66 -0.55
280.24 0.51 0.45
290.16 0.39 -0.55
299.59 0.62 -0.55
315.47 0.52 1.45
321.04 0.49 1.45
332.13 0.7 0.45
408.13 0.44 1.45
418.28 0.51 0.45
428.39 0.49 -0.55
445.13 0.44 0.45
455.47 0.57 0.45
467.24 0.55 -0.55
484.23 0.35 1.45
495.2 0.45 0.45
506.21 0.43 -0.55
524.04 0.65 0.45
529.89 0.78 0.45
535.52 0.95 0.45
546.81 0.4 -0.55
564.39 0.48 -0.55
580.18 0.47 -0.55
597.83 0.61 -0.55
606.6 0.65 -0.55
615.88 0.49 -0.55
