5.86 0.48 -0.55
15.78 1.07 -0.55
24.49 0.6 -0.55
41.3 0.66 1.45
50.79 0.55 0.45
70.05 0.62 1.45
74.73 0.74 1.45
84.43 1.03 0.45
105.77 0.99 0.45
111.81 0.77 0.45
125.82 0.8 -0.55
195.08 0.61 -0.55
206.84 0.65 -0.55
229.19 0.59 1.45
239.38 0.46 0.45
268.63 0.89 -0.55
274.06 0.6 -0.55
279.61 0.73 -0.55
300.14 0.46 1.45
310.31 0.7 0.45
335 0.44 -0.55
340.77 0.66 -0.55
354.31 0.84 -0.55
372.66 0.71 0.45
383.64 0.92 0.45
393.33 0.71 -0.55
411.39 0.39 -0.55
417.27 0.33 -0.55
444.74 0.49 -0.55
454.82 0.56 -0.55
465.68 0.89 -0.55
482.49 0.43 -0.55
490.96 0.55 -0.55
513.74 0.52 -0.55
524.17 1.14 0.45
534.2 0.89 -0.55
551.28 0.66 1.45
561.55 0.71 0.45
583.01 0.84 -0.55
599.59 0.62 -0.55
