5.31 1.34 0.57
15.34 0.56 0.57
36.73 0.81 -0.43
46.91 0.56 -0.43
66.63 0.65 -0.43
77.27 0.7 -0.43
105.61 1.39 0.57
111.35 0.83 0.57
122.21 0.54 0.57
144.14 0.63 -0.43
150.09 0.59 -0.43
183.95 0.78 -0.43
200.53 0.94 -0.43
217.35 0.61 -0.43
232.37 1.22 -0.43
249.22 0.63 0.57
255.15 0.74 0.57
264.75 0.5 -0.43
282.4 0.52 -0.43
292.18 0.53 -0.43
301.9 0.49 -0.43
319.29 0.73 1.57
324.83 0.79 1.57
335.31 0.49 0.57
358.29 0.71 -0.43
363.62 0.75 -0.43
369.32 0.58 -0.43
378.29 0.48 -0.43
393.85 1.49 0.57
405.57 3.04 0.57
411.18 0.52 0.57
420.2 0.54 -0.43
435.96 1.37 0.57
440.4 0.58 0.57
449.84 0.51 -0.43
468.53 0.62 0.57
482.52 0.67 -0.43
488.24 1.18 -0.43
506.29 0.7 -0.43
512.33 0.53 -0.43
522.08 0.69 -0.43
543.43 0.83 -0.43
549.46 0.69 -0.43
563.93 0.66 -0.43
582.7 1.58 0.57
592.12 0.82 0.57
603.69 0.91 -0.43
