5.26 2.13 -0.46
15.21 1.37 -0.46
36.98 0.6 1.54
47.23 0.6 0.54
69.12 0.65 -0.46
79.07 1.08 -0.46
89.8 0.9 -0.46
105.8 0.82 1.54
116.36 1.18 0.54
139.01 0.65 0.54
143.99 1.58 0.54
153.98 0.95 -0.46
171.51 2.1 -0.46
186.93 0.65 -0.46
203.96 0.77 -0.46
208.33 0.75 -0.46
213.77 0.73 -0.46
242.98 0.79 -0.46
247.97 1.04 -0.46
277.06 0.91 1.54
287.06 0.88 0.54
312.41 0.68 0.54
317.77 0.96 0.54
322.41 2.06 0.54
345.26 0.75 0.54
354.89 1.2 -0.46
363.38 0.81 -0.46
381.2 0.7 -0.46
396.81 2.52 -0.46
402.77 1.35 -0.46
419.36 0.8 -0.46
435.08 1.07 -0.46
451.2 0.79 0.54
461.94 0.92 0.54
473.51 0.73 -0.46
491.93 0.72 -0.46
497.04 0.71 -0.46
510.97 0.81 -0.46
529.22 0.84 0.54
534.55 0.86 0.54
539.76 0.6 0.54
563.72 0.91 0.54
574.93 0.98 -0.46
580.31 0.58 -0.46
598.51 1.08 -0.46
614.63 1.04 -0.46
