54.54 0.69 1.43
65.62 0.66 0.43
74.96 0.59 -0.57
91.79 0.6 -0.57
96.13 0.46 -0.57
111.03 0.58 -0.57
177.28 0.8 1.43
183.1 0.87 1.43
193.13 0.86 0.43
219.44 2.13 -0.57
229.6 0.79 -0.57
234.96 0.63 -0.57
251.81 0.62 1.43
261.58 0.47 0.43
283.94 0.5 0.43
293.65 1.52 -0.57
317.01 2.06 -0.57
332.88 1.03 -0.57
342.97 1.22 -0.57
359.12 0.83 1.43
370.96 0.74 0.43
381.31 0.95 -0.57
398.71 1.82 0.43
404.32 1.33 0.43
414.84 0.72 -0.57
432.34 0.65 -0.57
443.34 0.68 0.43
452.31 0.49 -0.57
469.45 0.76 0.43
478.31 0.47 -0.57
482.49 0.52 -0.57
543.5 0.67 0.43
554.61 0.74 -0.57
579.25 0.55 -0.57
589.56 0.68 -0.57
