6.61 0.46 0.35
16.79 0.53 0.35
26.06 0.38 -0.65
43.84 0.83 0.35
49.27 0.81 0.35
59.14 0.43 -0.65
81.09 0.46 -0.65
90.84 0.38 -0.65
100.37 0.5 -0.65
117.96 0.56 1.35
128.21 0.42 0.35
148.63 0.57 0.35
162.47 0.46 -0.65
167.66 0.4 -0.65
226.09 0.49 1.35
236.2 0.48 0.35
246.2 0.5 -0.65
264.04 0.5 1.35
269.69 0.75 1.35
279.22 0.46 0.35
299.89 0.43 -0.65
311.23 0.41 -0.65
320.26 0.45 -0.65
335.48 0.58 0.35
340.27 0.43 0.35
344.41 1.03 0.35
363.62 0.52 -0.65
368.58 0.4 -0.65
373.43 0.54 -0.65
402.59 0.52 1.35
412.74 0.67 0.35
422.58 0.51 -0.65
439.15 1.18 -0.65
449.4 0.43 -0.65
468.9 1.9 0.35
473.92 1.18 0.35
500.61 0.41 0.35
511.39 0.69 -0.65
520.67 0.59 -0.65
538.93 0.41 1.35
549.26 0.41 0.35
570.3 0.54 -0.65
576.31 0.49 -0.65
581.48 0.67 -0.65
604.1 0.51 0.35
614.34 0.57 0.35
