5.49 3.06 0.22
11.23 2.87 0.22
15.41 3.05 0.22
21.28 1.82 0.22
31.79 1.22 -0.78
47.76 0.7 -0.78
62.02 0.89 -0.78
79.26 0.71 -0.78
84.25 0.9 -0.78
95.15 0.55 -0.78
119.89 0.76 0.22
131.44 1.38 0.22
154.45 0.55 1.22
164.51 0.78 0.22
187.02 0.96 0.22
192.1 1.05 0.22
201.43 1.57 0.22
223.41 0.9 -0.78
235.31 0.82 0.22
245.2 0.91 -0.78
262.94 0.62 0.22
273.14 0.8 0.22
297.32 1.11 1.22
302.31 1.66 1.22
311.44 1.04 0.22
334.12 1.02 1.22
344.01 0.85 0.22
354.8 1.03 -0.78
373.05 0.75 1.22
378.45 0.75 1.22
388.57 0.92 0.22
504.41 0.84 -0.78
509.76 0.71 -0.78
524.05 0.73 -0.78
542.22 0.74 -0.78
554.08 1.12 -0.78
