98.95 0.78 1.42
108.55 1.04 0.42
130.63 1.24 -0.58
141.16 0.86 -0.58
169.57 0.5 -0.58
175 0.95 -0.58
184.84 0.59 -0.58
206.36 0.86 -0.58
210.49 0.59 -0.58
240.91 0.94 1.42
249.99 0.98 0.42
272.39 1.38 -0.58
281.4 0.81 -0.58
285.96 0.79 -0.58
291.06 0.7 -0.58
313.54 1.02 -0.58
325.18 1.36 -0.58
346.42 0.64 0.42
355.64 0.49 -0.58
378.76 0.85 0.42
388.62 1.18 -0.58
394.1 2.52 -0.58
409.82 0.64 1.42
414.58 0.8 1.42
423.32 0.72 0.42
448.95 1.23 -0.58
457.99 0.68 -0.58
480.35 0.79 -0.58
484.7 0.79 -0.58
498.8 1.1 -0.58
514.9 1.63 1.42
524.07 0.95 0.42
533.84 0.56 -0.58
550.53 1.12 0.42
561.72 1.08 -0.58
583.37 0.92 1.42
588.02 1.15 1.42
597.33 0.67 0.42
