5.95 0.7 -0.6
15.37 0.42 -0.6
44.73 0.55 0.4
53.5 0.95 -0.6
63.33 0.59 -0.6
81.54 0.78 1.4
91.51 0.92 0.4
102.04 0.69 -0.6
119.5 0.52 0.4
123.72 0.62 0.4
134.22 0.59 -0.6
151.69 0.54 -0.6
160.98 0.92 0.4
170.69 0.68 -0.6
186.62 0.62 -0.6
191.66 0.59 -0.6
224.01 2.3 0.4
233.89 0.96 0.4
255.18 0.65 -0.6
260.89 0.61 -0.6
266.92 0.72 -0.6
276.67 0.84 -0.6
292.07 0.51 0.4
296.13 0.71 0.4
310.7 0.67 -0.6
327.5 0.59 0.4
336.5 0.61 -0.6
402.11 0.57 -0.6
406.93 0.89 -0.6
417.52 0.86 -0.6
433.99 0.63 0.4
443.1 1.24 0.4
466.66 0.75 0.4
477.37 0.58 -0.6
497.46 0.52 1.4
502.96 0.62 1.4
512.46 0.63 0.4
534.79 0.64 1.4
543.54 0.8 0.4
565.27 1.66 1.4
579.38 1.97 0.4
600.5 0.53 -0.6
610.29 0.82 -0.6
