5.17 2.97 0.32
15.97 0.64 -0.68
20.93 1.05 -0.68
26.7 0.59 -0.68
43.84 0.72 1.32
48.59 1.05 1.32
58.43 0.8 0.32
79.13 0.6 0.32
90.42 1.61 -0.68
112.19 0.89 1.32
123.43 1.92 0.32
134.34 0.99 -0.68
151.95 0.52 -0.68
160.94 1.37 0.32
171.89 0.56 -0.68
189.09 0.76 0.32
193.46 0.8 0.32
204.37 1.06 -0.68
220.46 0.91 1.32
230.5 0.63 0.32
239.94 0.83 -0.68
259.37 0.38 -0.68
274 0.87 -0.68
292.38 0.45 -0.68
307.09 0.58 -0.68
330.16 1.35 -0.68
340.91 0.48 -0.68
364.36 3.04 0.32
370.14 1.03 0.32
385.2 0.49 -0.68
401.64 1.27 1.32
412.69 0.89 0.32
421.51 0.71 -0.68
485.43 0.5 -0.68
494.94 0.61 -0.68
517.17 0.64 1.32
521.51 0.43 1.32
533.01 0.71 0.32
557.14 0.41 1.32
565.53 0.37 0.32
576.55 0.73 -0.68
594.81 0.33 0.32
604.64 0.6 -0.68
609.23 0.82 -0.68
