7.68 0.62 -0.51
16.91 0.53 -0.51
40.03 0.45 1.49
49.96 0.56 0.49
73.3 0.53 -0.51
83.14 0.41 -0.51
104.39 0.48 0.49
114.24 0.5 -0.51
124.48 0.55 -0.51
139.26 0.49 0.49
148.05 0.42 -0.51
170.99 0.62 -0.51
175.78 0.49 -0.51
181.18 0.51 -0.51
208.35 0.39 -0.51
224.24 0.41 -0.51
229.36 0.42 -0.51
245.72 0.42 1.49
255.66 0.38 0.49
277.86 0.39 1.49
288.4 0.43 0.49
311.94 0.44 -0.51
320.91 0.59 -0.51
330.89 0.44 -0.51
348.67 0.54 1.49
358.61 0.43 0.49
379.31 0.43 0.49
389.67 0.43 -0.51
399.52 0.82 -0.51
415.99 0.44 0.49
425.49 0.42 -0.51
435.26 0.34 -0.51
453.35 0.75 1.49
464.09 0.44 0.49
473.83 0.46 -0.51
491.21 0.36 -0.51
496.93 0.37 -0.51
524.86 0.54 0.49
530.14 0.44 0.49
540.3 0.42 -0.51
557.44 0.45 0.49
563.1 0.41 0.49
574.77 0.44 -0.51
592.77 0.54 0.49
603.27 0.41 -0.51
607.47 0.44 -0.51
612.8 0.53 -0.51
