7.52 0.59 0.41
17.7 0.48 -0.59
42.66 0.62 1.41
53.35 0.55 0.41
64.54 0.85 -0.59
82.76 0.56 0.41
86.84 1.46 0.41
91.07 0.81 0.41
100.63 0.45 -0.59
117.37 0.69 1.41
126.33 0.97 0.41
144.97 0.55 -0.59
155.95 0.76 -0.59
179.49 0.44 -0.59
183.61 0.39 -0.59
193.09 0.39 -0.59
212.26 0.48 0.41
217.35 0.57 0.41
232.64 0.43 -0.59
247.88 0.7 0.41
257.82 0.44 0.41
267.41 0.42 -0.59
283.18 0.41 -0.59
294.35 0.8 -0.59
298.59 0.43 -0.59
314.36 0.41 -0.59
318.5 0.46 -0.59
323.88 0.36 -0.59
344.88 3.04 0.41
349.68 1.29 0.41
355.66 2.07 0.41
459.47 0.51 0.41
474.46 0.75 -0.59
523.98 0.62 -0.59
529.39 0.6 -0.59
535.02 0.69 -0.59
561.2 0.73 1.41
566.59 0.56 1.41
576.05 0.59 0.41
