7.14 1.32 0.26
11.28 0.95 0.26
22.6 0.89 0.26
43.74 1.13 -0.74
49.68 0.69 -0.74
64.25 0.83 -0.74
118.91 0.43 1.26
128.13 0.53 0.26
150.56 0.58 1.26
155.3 0.97 1.26
164.6 1.21 0.26
185.86 0.75 0.26
196.31 0.49 -0.74
217.83 0.39 0.26
223.35 1.01 0.26
232.49 0.46 -0.74
251.27 0.73 1.26
260.18 0.62 -0.74
281.58 0.45 0.26
291.41 0.68 0.26
302.01 0.45 -0.74
318.78 1.46 -0.74
334.48 0.52 -0.74
351.03 0.65 0.26
361.15 0.78 0.26
381.6 0.71 -0.74
385.98 0.84 -0.74
390.73 0.7 -0.74
411.86 0.55 -0.74
417.51 0.38 -0.74
421.71 0.5 -0.74
451.16 1.09 0.26
455.42 1.02 0.26
465.76 0.78 -0.74
482.28 0.96 0.26
486.38 0.73 0.26
497.58 1.14 -0.74
517 0.47 1.26
522.57 1.15 1.26
532.79 0.77 0.26
555.03 0.61 1.26
560.18 0.96 1.26
570.43 0.76 0.26
593.28 1.01 -0.74
597.73 1.53 -0.74
606.43 0.69 -0.74
