65.48 0.78 0.52
76.49 1.06 0.52
99.33 0.46 -0.48
104.4 0.55 -0.48
113.73 0.85 -0.48
130.95 0.62 1.52
135.93 0.65 1.52
146.02 0.69 0.52
165.8 0.42 0.52
171.51 0.62 0.52
181.66 1.17 -0.48
199.82 0.81 -0.48
210.34 0.68 -0.48
216.03 0.74 -0.48
232.25 0.57 0.52
242.89 0.47 -0.48
253.53 0.58 -0.48
281.24 1.04 1.52
290.85 0.48 0.52
312.94 0.4 0.52
317.38 0.56 0.52
323.01 0.5 0.52
356.05 0.43 -0.48
360.36 0.6 -0.48
364.46 0.68 -0.48
386.4 0.41 0.52
391.42 0.42 0.52
397.22 1.37 0.52
408.5 0.49 -0.48
425.13 0.47 -0.48
430.68 0.55 -0.48
441.76 0.72 -0.48
520.27 0.65 -0.48
525.86 0.54 -0.48
530.44 0.68 -0.48
553.56 0.65 -0.48
569.1 0.53 -0.48
573.36 0.59 -0.48
591.44 0.56 -0.48
606.24 1.44 -0.48
