71.58 0.93 -0.72
80.84 0.83 -0.72
85.45 0.62 -0.72
91.25 0.67 -0.72
107.69 0.88 0.28
117.14 0.65 -0.72
126.35 0.94 -0.72
143.2 0.9 1.28
152.66 1.31 0.28
162.21 0.64 -0.72
179.04 1.42 0.28
183.97 1.16 0.28
193.92 0.85 -0.72
216.27 0.89 1.28
224.86 1.4 0.28
246.37 0.75 0.28
256.27 1.26 0.28
282.63 1.06 -0.72
291.27 0.92 -0.72
313.87 0.75 1.28
325.02 0.71 0.28
390.09 0.99 1.28
394.85 1.46 1.28
403.66 0.82 0.28
428.44 0.63 1.28
439.71 0.8 0.28
449.08 0.68 -0.72
467.19 0.56 -0.72
478.61 0.72 -0.72
489 0.65 -0.72
508.69 0.65 0.28
513.7 0.56 0.28
519.36 1.23 0.28
540.53 1.55 1.28
551.29 0.67 0.28
573.78 0.7 -0.72
583.72 1.44 -0.72
588.89 3.03 -0.72
598.54 1.17 -0.72
