12.3 0.78 -0.67
22.96 0.46 -0.67
45.62 2.58 0.33
56.06 0.97 0.33
79.79 0.73 0.33
85.42 0.8 0.33
101.83 1.12 -0.67
121.24 2.48 1.33
133.09 0.97 0.33
157.68 1.02 1.33
167.99 1.68 0.33
188.3 2.46 1.33
199.47 1.11 0.33
230.45 0.75 -0.67
241.26 0.6 -0.67
247 0.67 -0.67
252.13 0.74 -0.67
269.32 0.7 -0.67
283.52 0.57 -0.67
306.7 0.6 -0.67
312.75 0.54 -0.67
340.49 0.87 1.33
351.99 0.54 0.33
373.92 2 -0.67
390.52 1.17 -0.67
396.43 0.61 -0.67
412.22 0.76 -0.67
422.11 0.59 -0.67
445.35 0.88 1.33
456.94 0.46 0.33
465.87 0.46 -0.67
488.47 0.47 0.33
498.1 0.65 -0.67
513.51 0.73 1.33
522.98 0.62 0.33
544.29 0.73 0.33
550.15 0.52 0.33
555.36 1.19 0.33
566.31 0.44 -0.67
