7.95 0.59 -0.82
23.08 0.72 -0.82
40.47 1.06 1.18
49.96 0.48 0.18
59.89 0.44 -0.82
76.33 0.69 -0.82
86.35 0.4 0.18
97.22 0.49 -0.82
114.24 0.59 1.18
122.96 0.35 0.18
150.63 0.51 -0.82
161.69 0.59 -0.82
185.23 0.96 1.18
189.83 1.49 1.18
200.17 0.39 0.18
220.84 0.53 0.18
232.36 0.38 -0.82
253.52 0.57 0.18
258.7 0.59 0.18
288.71 0.87 1.18
299.37 0.44 0.18
320.58 0.7 1.18
330.88 0.48 0.18
352.45 0.44 0.18
361.17 0.61 -0.82
383.17 0.61 -0.82
387.72 1.19 -0.82
398.28 0.85 -0.82
421.09 2.64 1.18
432.37 0.9 -0.82
487.23 0.45 0.18
493.22 0.5 0.18
504.51 1.52 0.18
526.13 0.77 -0.82
531.97 0.77 -0.82
560.95 0.41 0.18
571.06 0.64 0.18
593.29 0.86 1.18
603.38 0.71 0.18
