6.06 0.51 1.13
16.36 0.59 0.13
40.63 0.57 -0.87
50.09 0.69 -0.87
71.27 1.3 1.13
80.11 1.16 0.13
92.06 0.73 -0.87
109.36 1.9 0.13
118.3 0.57 -0.87
127.97 0.83 -0.87
144.11 0.49 0.13
149.49 0.42 0.13
153.56 0.46 0.13
164.38 0.97 -0.87
180.36 0.46 -0.87
194.85 0.52 -0.87
216.22 0.57 1.13
227.1 0.44 0.13
249.47 0.4 1.13
255.02 0.49 1.13
264.11 0.61 0.13
286.41 0.82 0.13
296.28 0.61 0.13
320.12 0.45 -0.87
335.53 0.83 -0.87
357.85 0.58 1.13
368.04 0.93 0.13
378.3 0.57 -0.87
393.9 0.49 0.13
398.23 0.38 0.13
407.3 0.47 0.13
435.32 0.51 0.13
445.76 1 0.13
467.21 1.11 0.13
476.16 0.94 0.13
545.64 0.4 1.13
556.94 0.53 0.13
566.42 0.47 -0.87
