6.53 0.52 -0.64
12.23 0.45 -0.64
27.9 0.45 -0.64
81.8 0.74 1.36
87.01 0.51 1.36
96.71 0.42 0.36
153.95 1.02 -0.64
163.09 0.48 -0.64
191.76 0.47 1.36
196.44 0.59 1.36
206.23 0.5 0.36
226.02 0.46 0.36
235.12 0.53 0.36
245.68 0.5 -0.64
262.56 0.45 0.36
266.89 0.52 0.36
277 0.48 0.36
298.89 0.4 -0.64
309.17 0.44 -0.64
331.84 0.53 0.36
340.76 0.45 -0.64
360.51 0.53 -0.64
365.8 0.6 -0.64
381.15 0.43 -0.64
401.68 0.42 -0.64
411.58 0.48 -0.64
428.68 0.68 -0.64
433.78 0.43 -0.64
443.45 0.41 -0.64
466.06 0.5 1.36
476.49 0.57 0.36
498.3 0.41 0.36
502.62 0.49 0.36
512.64 0.56 -0.64
533.03 0.5 -0.64
543.42 0.5 -0.64
561.57 0.44 1.36
567.35 0.48 1.36
578.39 0.44 0.36
598.75 0.48 0.36
614.25 0.45 -0.64
620.1 0.5 -0.64
