10.12 0.54 0.52
15.13 0.52 0.52
21.16 1.39 0.52
43.24 0.61 1.52
48.42 1.54 0.52
59.32 0.57 -0.48
85.84 0.45 -0.48
101.55 0.99 -0.48
119.4 0.68 0.52
124.36 1.19 0.52
150 0.45 -0.48
159.53 1.18 -0.48
169.36 0.74 -0.48
185.13 1.62 -0.48
201.09 0.73 -0.48
216.41 0.5 0.52
226.75 0.44 -0.48
232 0.4 -0.48
236.32 1.01 -0.48
253.02 0.32 0.52
258.05 0.36 0.52
262.84 0.62 0.52
288.78 0.71 -0.48
294.5 0.69 -0.48
309.5 0.6 -0.48
327.75 0.72 -0.48
332.13 0.56 -0.48
343.81 0.62 -0.48
366.14 0.69 1.52
370.66 2.68 1.52
379.41 0.97 0.52
402.03 0.48 -0.48
410.74 0.65 -0.48
432.27 0.65 -0.48
437.74 0.57 -0.48
471.11 0.4 -0.48
487.33 0.73 -0.48
503.92 0.73 0.52
513.32 0.94 0.52
535.93 0.52 0.52
541.42 0.71 0.52
557.03 0.22 -0.48
575.6 0.12 -0.48
584.13 0.65 -0.48
