6.73 0.72 0.95
11.22 1.45 0.95
21.93 0.68 -0.05
44.23 0.56 0.95
54.12 0.68 -0.05
64.28 0.72 -1.05
81.42 0.44 0.95
87.08 0.67 0.95
97.71 0.76 -0.05
123.03 0.42 0.95
133.03 0.65 -0.05
156.44 0.78 -0.05
165.91 0.54 -1.05
175.52 0.56 -1.05
192.69 0.69 -0.05
202.99 0.86 -0.05
212.24 0.52 -1.05
229.96 0.62 0.95
235.05 0.53 0.95
244.33 0.78 -0.05
271.31 0.61 -0.05
282.03 0.77 -1.05
299.36 0.61 -0.05
313.11 0.56 -1.05
335.48 0.75 -1.05
346.36 0.49 -1.05
351.26 0.81 -1.05
404.97 1.06 0.95
409.4 2.28 0.95
418.82 0.8 -0.05
439.57 0.75 -1.05
444.13 0.67 -1.05
473.75 0.67 -0.05
478.44 1.18 -0.05
489.36 0.65 -0.05
509.95 0.72 0.95
519.69 0.55 -0.05
541.09 1.65 0.95
550.51 1.08 -0.05
571.2 0.53 0.95
580.42 0.64 -0.05
604.39 0.46 0.95
614.75 0.73 -0.05
626.39 0.82 -1.05
