55.57 0.59 -0.74
66.84 0.49 -0.74
88.71 0.45 1.26
98.29 0.49 0.26
119.56 0.51 0.26
129.03 0.56 -0.74
138.97 0.39 -0.74
161.89 0.56 0.26
166.92 0.81 0.26
172.12 0.53 0.26
194.52 0.51 0.26
199.11 0.54 0.26
204.07 0.51 0.26
209.22 0.41 0.26
233.89 0.53 0.26
238.28 0.69 0.26
242.4 0.5 0.26
264.09 1.33 0.26
279.74 0.58 -0.74
285.28 0.54 -0.74
335.01 0.48 -0.74
340.52 0.36 -0.74
351.5 0.48 -0.74
368.32 0.74 1.26
372.42 0.52 1.26
383.06 0.49 0.26
409.33 0.46 0.26
419.98 0.41 0.26
447.39 0.45 -0.74
457 0.55 -0.74
480.26 0.59 0.26
491.05 0.4 -0.74
513.63 0.83 0.26
524.34 0.48 0.26
534.61 0.46 -0.74
551.6 0.43 0.26
561.22 0.41 0.26
582.75 0.45 0.26
587.83 0.36 0.26
