5.67 0.57 1.17
16.03 0.39 0.17
38.64 1.51 1.17
43.14 0.8 0.17
54.24 0.47 -0.83
77.09 0.85 1.17
86.86 0.37 0.17
109.62 0.95 0.17
113.98 0.48 0.17
129.08 0.45 -0.83
145.12 0.68 1.17
155.86 0.47 0.17
182.9 0.42 -0.83
245.88 0.74 0.17
251.42 0.38 0.17
260.45 0.34 0.17
282.93 0.79 1.17
292.24 0.38 0.17
318.34 0.64 -0.83
327.71 0.45 -0.83
440.86 0.54 0.17
450.83 0.37 -0.83
456.12 0.4 -0.83
474.04 0.53 1.17
482.85 0.79 0.17
571.8 0.54 0.17
581.26 0.74 -0.83
607.58 0.39 -0.83
613.27 0.36 -0.83
618.73 0.35 -0.83
