5.2 0.75 0.6
16.69 0.8 0.6
37.82 0.36 -0.4
43.04 0.68 -0.4
47.22 0.58 -0.4
69.23 0.54 1.6
79.23 0.6 0.6
89.62 0.77 -0.4
106.56 0.43 -0.4
110.67 0.67 -0.4
115.22 0.47 -0.4
124.33 0.8 -0.4
141.63 0.38 -0.4
152.33 0.61 -0.4
161.07 0.32 -0.4
179.41 0.32 0.6
184.89 0.4 0.6
200.97 0.65 -0.4
217.35 0.61 0.6
229.03 0.63 -0.4
234.67 0.61 -0.4
239.67 0.43 -0.4
256.8 0.56 -0.4
261.54 0.48 -0.4
287.52 0.37 -0.4
297.75 0.38 -0.4
322.13 0.62 0.6
328.12 0.63 0.6
337.54 0.7 0.6
357.79 0.73 1.6
369.55 0.6 0.6
391 0.57 0.6
401.72 1.03 -0.4
426.01 0.6 -0.4
430.21 0.87 -0.4
445.54 0.53 -0.4
469 0.75 -0.4
479.69 0.65 -0.4
502.31 1.01 0.6
512.12 0.82 0.6
534.36 0.41 0.6
546.17 0.31 -0.4
556.14 0.79 -0.4
572.68 0.9 -0.4
588.23 0.7 -0.4
