5.66 0.75 0.41
10.59 0.8 0.41
20.57 0.87 0.41
40.12 1.8 -0.59
50.84 0.74 -0.59
60.28 0.59 -0.59
76.9 0.67 -0.59
82.11 0.71 -0.59
92.11 0.74 -0.59
113.1 0.6 -0.59
129.61 0.74 -0.59
145.56 1.49 0.41
155.84 0.55 -0.59
179.71 0.68 1.41
189.46 0.79 0.41
212.66 0.64 -0.59
222.84 0.73 0.41
232.89 0.83 -0.59
250.23 0.55 -0.59
255.06 1.21 -0.59
282.42 1.47 -0.59
287.66 0.8 -0.59
297.43 0.49 -0.59
320.51 0.72 -0.59
336.62 0.68 -0.59
354.38 0.57 1.41
365.16 0.54 0.41
388.29 1.69 0.41
392.73 1.85 0.41
401.59 0.84 0.41
424.6 2.63 0.41
434.93 0.64 0.41
460.49 1.31 0.41
469.91 0.52 0.41
491.09 1.66 0.41
501.49 0.79 0.41
512 0.9 -0.59
530.57 0.52 -0.59
535.29 0.65 -0.59
550.77 0.82 -0.59
566.54 1.13 1.41
577.29 0.61 0.41
598.71 1.44 1.41
609.11 0.81 0.41
