37.6 0.51 0.46
47.5 0.67 0.46
58.56 0.64 -0.54
75.85 0.61 -0.54
84.33 0.51 -0.54
113 0.4 -0.54
117.39 0.74 -0.54
134.41 0.6 -0.54
151.24 0.44 -0.54
161.85 0.6 -0.54
217.4 0.62 -0.54
232.18 1.08 -0.54
249.16 1.4 0.46
262.87 0.91 -0.54
268.62 1.17 -0.54
285.14 0.73 0.46
295.18 1.06 0.46
317.08 0.75 0.46
322.4 0.74 0.46
332.24 0.49 -0.54
396.17 0.61 0.46
400.38 0.66 0.46
405.53 0.65 0.46
427.58 0.61 0.46
436.43 0.69 -0.54
459.56 0.59 0.46
464.54 1.19 0.46
468.67 1.24 0.46
488.41 0.72 1.46
494.38 0.63 1.46
505.39 0.45 0.46
534.05 0.8 -0.54
544.06 0.73 -0.54
562.52 0.69 0.46
579.19 0.35 -0.54
585.2 0.59 -0.54
602.44 0.49 -0.54
612.02 1.05 0.46
621.8 0.65 -0.54
