6.25 1.15 -0.56
17.42 1 -0.56
39.97 0.91 -0.56
55.58 0.81 -0.56
159.09 0.83 1.44
170.96 1.33 0.44
180.76 0.96 -0.56
197.33 1.54 1.44
209.19 0.75 0.44
231.79 1.13 -0.56
247.75 0.68 -0.56
269.03 1.48 0.44
274.04 1.4 0.44
282.7 1.44 -0.56
299.29 0.69 -0.56
304.69 1.08 -0.56
318.37 1.36 -0.56
334.72 0.8 0.44
345.18 0.82 -0.56
349.68 0.55 -0.56
353.84 1.22 -0.56
373.09 0.79 0.44
388.86 2.04 0.44
413.04 1.58 0.44
422.85 0.58 0.44
445.15 0.87 -0.56
449.95 0.8 -0.56
455.31 0.77 -0.56
484.73 1.58 0.44
496.03 0.46 -0.56
501.78 0.44 -0.56
505.93 0.52 -0.56
521.77 1.87 1.44
531.02 0.82 0.44
553.86 0.84 1.44
564.12 0.59 0.44
587.2 0.8 0.44
591.87 1.03 0.44
607.09 0.76 -0.56
