89.84 0.46 -0.37
104.77 0.65 -0.37
122.49 0.77 1.63
133.58 0.71 0.63
154.12 0.51 0.63
159.1 0.75 0.63
169.68 0.58 -0.37
186.01 0.48 -0.37
200.75 0.52 -0.37
215.88 0.75 1.63
226.63 0.47 0.63
237.75 0.37 -0.37
258.77 1.12 0.63
269.26 0.6 0.63
290.07 0.75 -0.37
296.08 0.7 -0.37
321.31 1.06 -0.37
335.94 0.96 -0.37
340.46 2.95 -0.37
355.13 1 -0.37
359.43 0.83 -0.37
373.91 0.49 -0.37
390.41 0.51 1.63
399.9 0.84 -0.37
426.34 0.64 -0.37
438.16 0.38 -0.37
458.1 0.67 -0.37
468.61 0.5 -0.37
491.92 0.73 -0.37
501.72 0.54 -0.37
523.45 0.69 0.63
529.44 0.55 0.63
542.79 0.49 -0.37
565.61 0.9 -0.37
575.77 0.42 -0.37
603.89 0.37 -0.37
614.27 0.63 -0.37
618.67 0.56 -0.37
