6.71 0.81 1.39
17.77 0.71 -0.61
39.35 1.45 0.39
43.92 0.91 0.39
59.39 1.07 -0.61
76.41 0.86 1.39
86.16 0.93 0.39
96.6 0.84 -0.61
114.73 0.85 1.39
120.76 1.03 1.39
130.96 0.66 0.39
155.41 1.86 0.39
160.45 0.91 0.39
164.64 1.03 0.39
186.19 0.89 1.39
196.26 0.54 0.39
205.17 1.1 -0.61
222.8 0.91 -0.61
227.82 0.73 -0.61
242.46 0.78 -0.61
258.93 0.79 -0.61
272.66 0.75 -0.61
288.76 1.16 -0.61
293.84 0.81 -0.61
298.79 0.84 -0.61
325.76 0.7 0.39
330.86 0.85 0.39
341.33 0.9 -0.61
358.31 0.8 -0.61
364.05 0.73 -0.61
375.35 1.09 -0.61
399.14 0.8 0.39
404.94 1.03 0.39
415.86 0.59 -0.61
432.63 0.59 0.39
437.61 0.57 0.39
449.09 0.62 -0.61
563.67 0.78 0.39
572.44 0.86 -0.61
594.32 0.87 -0.61
605.58 0.67 -0.61
