10.48 0.42 -0.46
20.2 0.46 -0.46
24.72 0.41 -0.46
40.03 0.57 1.54
51.29 0.38 0.54
60.6 0.57 -0.46
107.12 0.37 -0.46
123.25 0.39 -0.46
142.83 0.51 -0.46
147.6 0.39 -0.46
156.49 0.38 -0.46
183.45 0.38 -0.46
211.6 0.43 0.54
221.04 0.5 0.54
242.13 0.43 0.54
252.83 0.4 0.54
275.81 0.45 0.54
285.76 0.39 0.54
296.01 0.43 -0.46
312.89 0.52 -0.46
317.73 0.55 -0.46
322.2 0.86 -0.46
349.47 0.39 0.54
353.62 1.27 0.54
363.79 0.4 0.54
385.37 0.4 -0.46
395.6 0.41 -0.46
423.73 0.45 -0.46
433.99 1.09 -0.46
444.11 0.58 -0.46
462.02 0.38 0.54
466.5 0.47 0.54
477.45 0.64 -0.46
539.57 0.53 0.54
550.83 0.36 -0.46
566.62 0.44 1.54
577.38 0.41 0.54
598.89 0.5 -0.46
613.2 0.41 -0.46
