6.48 0.69 0.23
11.35 1.02 0.23
16.19 0.94 0.23
48.12 0.58 0.23
58.1 0.55 -0.77
73.11 1.16 1.23
82.62 1.13 0.23
110.73 0.86 0.23
120.84 0.7 -0.77
136.7 0.89 0.23
146.66 0.96 -0.77
152.16 0.85 -0.77
157.2 0.68 -0.77
225.03 0.85 0.23
235.79 0.71 0.23
257.32 1.34 -0.77
261.89 1.66 -0.77
272.1 0.75 -0.77
295.74 1.08 1.23
304.88 0.64 0.23
365.4 0.62 0.23
369.83 0.71 0.23
402.45 0.5 0.23
411.17 0.61 -0.77
415.34 0.58 -0.77
432.17 0.9 0.23
442.11 1.2 -0.77
447.33 1.27 -0.77
463.1 0.93 0.23
473.32 0.86 0.23
494.36 0.74 0.23
505.38 0.56 0.23
528.49 0.89 1.23
538.49 0.45 0.23
560.36 0.78 -0.77
571.64 0.7 -0.77
599.31 0.57 1.23
603.74 0.49 1.23
614.73 0.64 0.23
