6.91 3.06 -0.68
11.85 2.24 -0.68
28.12 0.96 -0.68
33.8 3.05 -0.68
39.66 0.33 -0.68
190.37 0.72 0.32
195.06 1.19 0.32
206.84 0.79 -0.68
223.64 0.64 0.32
227.71 0.99 0.32
237.15 0.77 -0.68
254.14 1.03 1.32
265.1 0.69 0.32
286.97 2.44 1.32
292.06 0.9 1.32
301.11 0.57 0.32
381.28 0.58 0.32
391.22 1.16 -0.68
446.91 0.55 -0.68
456.54 0.78 0.32
467.69 0.44 -0.68
483.35 1.35 -0.68
488.47 0.53 -0.68
494.04 0.75 -0.68
523.6 0.75 1.32
528.37 0.63 1.32
538.68 2.12 0.32
561.38 0.64 0.32
567.32 1.14 0.32
578.82 0.9 -0.68
583.75 1.19 -0.68
