7.18 0.48 0.36
11.36 0.44 0.36
16.88 0.65 0.36
48.8 0.56 -0.64
77.72 1.28 -0.64
87.23 0.41 0.36
97.2 0.31 -0.64
114.72 0.7 0.36
123.64 0.5 0.36
143.74 0.6 -0.64
149.13 0.35 -0.64
177.27 0.51 1.36
181.66 0.43 1.36
191.01 0.36 0.36
221.66 1.19 -0.64
226.4 0.44 -0.64
230.92 0.5 -0.64
254.59 1.14 1.36
264.88 0.51 0.36
288 0.44 -0.64
292.24 0.36 -0.64
319.32 0.5 0.36
329.55 0.59 0.36
338.37 0.46 -0.64
355.52 1.04 1.36
366.9 0.37 0.36
377.97 0.35 -0.64
394.6 0.42 -0.64
405.03 0.46 -0.64
410.43 0.44 -0.64
414.81 0.35 -0.64
431.75 0.68 0.36
437.15 0.62 0.36
448.33 0.41 -0.64
468.49 2.5 1.36
477.24 0.78 0.36
497.83 0.42 1.36
507.25 0.42 0.36
537.29 0.32 -0.64
541.55 0.4 -0.64
546 0.37 -0.64
568.46 1.17 0.36
577.94 0.35 0.36
600.82 0.4 -0.64
614.83 0.39 -0.64
