6.48 1.04 1.32
16.37 1.26 0.32
39.24 1.64 1.32
44.06 1.69 0.32
54.6 0.83 -0.68
78.13 2.31 0.32
88.39 0.62 -0.68
99 0.94 -0.68
116.05 1.44 1.32
125.66 1 0.32
235.96 0.58 0.32
245.11 1.51 0.32
266.23 1.28 1.32
276.45 1.8 0.32
344.12 2.4 1.32
354.68 1.01 0.32
377.25 0.6 -0.68
381.37 0.78 -0.68
386.49 0.85 -0.68
396.41 0.87 -0.68
445.89 0.7 -0.68
450.39 0.99 -0.68
456.42 0.49 -0.68
482.72 0.63 0.32
491.65 0.83 -0.68
514.13 0.52 0.32
519.03 1.27 0.32
530.24 1.02 -0.68
545.02 0.39 -0.68
555.83 0.87 -0.68
565.79 1.27 -0.68
