5.82 0.66 0.37
15.82 0.89 0.37
43.35 0.9 0.37
48.11 0.62 0.37
53.99 0.65 0.37
75.22 0.67 1.37
84.07 0.69 0.37
105.27 0.48 -0.63
110.1 0.37 -0.63
121.01 0.46 -0.63
143.25 0.8 0.37
151.77 0.39 -0.63
172.49 0.64 1.37
182.66 0.44 0.37
203.83 1.41 1.37
213.7 0.66 0.37
224.54 1.02 -0.63
241.2 1.37 0.37
249.64 0.59 -0.63
255.65 1.18 -0.63
330.04 2.38 0.37
340.57 0.59 0.37
363.77 0.65 -0.63
368.17 0.64 -0.63
499.32 0.64 -0.63
504.51 0.54 -0.63
529.43 1.47 0.37
540.75 0.87 -0.63
562.53 2.7 -0.63
571.58 0.82 -0.63
