5.88 0.77 0.5
16.22 1.09 0.5
26.88 0.96 -0.5
44.37 1.24 -0.5
54.42 1.38 0.5
64.63 0.97 -0.5
80.86 0.71 -0.5
96.04 0.52 -0.5
114.29 0.9 -0.5
124.43 0.54 0.5
134.28 0.8 -0.5
149.3 0.82 0.5
154.97 0.72 0.5
159.39 0.83 0.5
163.57 1.62 0.5
186.34 0.87 -0.5
195.34 0.87 0.5
205.35 0.6 -0.5
222.13 0.91 1.5
232.47 1.03 0.5
242.68 0.81 -0.5
260.44 0.86 1.5
272.12 0.49 0.5
294.72 0.64 -0.5
304.1 0.92 -0.5
328.85 2.66 -0.5
338.67 0.76 -0.5
363.38 0.51 -0.5
369.12 0.78 -0.5
379.53 0.95 -0.5
397.12 0.63 -0.5
412.13 0.57 -0.5
429.15 1.46 0.5
437.59 1.44 0.5
446.97 0.55 -0.5
462.83 1.14 0.5
472.7 1.61 -0.5
493.56 1.72 0.5
499.03 0.85 0.5
509.99 0.89 -0.5
533.97 0.85 -0.5
550.01 0.78 -0.5
555.91 1.11 -0.5
572.72 0.58 1.5
581.55 0.87 0.5
592.74 0.74 -0.5
