96.39 0.66 1.33
105.98 0.51 0.33
128.88 1.31 -0.67
139.35 0.59 -0.67
159.46 0.55 -0.67
176.21 0.68 -0.67
193.08 0.48 0.33
204.39 1.31 0.33
225.95 0.49 -0.67
242.23 0.59 -0.67
258.04 0.35 -0.67
262.89 0.52 -0.67
271.98 0.9 -0.67
289.19 0.41 1.33
299.06 0.84 0.33
319.87 0.46 0.33
324.68 0.47 0.33
329.08 0.48 0.33
334.91 0.57 0.33
358.01 0.66 0.33
362.63 0.67 0.33
374.08 0.63 -0.67
390.9 0.78 1.33
396.75 0.48 1.33
407.11 0.68 0.33
430.16 0.46 1.33
440.51 0.66 0.33
463.11 0.41 -0.67
467.85 0.51 -0.67
491.89 0.6 -0.67
506.03 0.69 -0.67
523.18 0.73 -0.67
534.4 0.46 -0.67
557.25 0.51 1.33
567.71 0.49 0.33
575.99 0.48 -0.67
594.15 0.82 -0.67
604.79 0.99 0.33
615.35 0.46 -0.67
