6.26 0.52 0.3
11.34 0.87 0.3
20.5 0.42 -0.7
25.66 0.36 -0.7
42.95 1.07 -0.7
53.63 0.66 -0.7
64.96 0.44 -0.7
82.93 0.89 1.3
94.03 1.34 0.3
115.96 1.09 -0.7
125.59 0.38 -0.7
152.54 0.76 1.3
162.12 1.06 0.3
183.74 0.65 1.3
188.53 0.57 1.3
199.27 0.5 0.3
221.55 0.92 1.3
232.08 0.46 0.3
251.34 0.69 -0.7
256.38 0.64 -0.7
262.21 0.74 -0.7
287.98 0.59 -0.7
303.97 0.39 -0.7
319.63 0.65 0.3
330 0.43 -0.7
354.01 0.55 1.3
363.96 0.48 0.3
390.34 0.96 -0.7
401.94 0.36 -0.7
423.06 0.42 -0.7
431.55 0.35 -0.7
441.06 0.55 -0.7
459.74 0.57 -0.7
469.86 0.57 -0.7
533.39 0.45 1.3
537.48 0.43 1.3
547.49 0.39 0.3
569.14 0.82 1.3
579.44 0.45 0.3
590.17 0.36 -0.7
