5.57 1.76 0.33
11.16 1.04 0.33
22.33 1.58 0.33
45.14 0.66 -0.67
61.54 0.59 -0.67
65.83 0.68 -0.67
80.84 0.79 -0.67
97 0.89 -0.67
116.55 1.3 0.33
128.09 1.22 0.33
139.69 0.81 -0.67
155.97 1.53 1.33
166.63 1.05 0.33
191.98 1.18 -0.67
202.95 0.7 -0.67
221.17 0.79 0.33
226.91 0.69 0.33
238.5 0.98 -0.67
255.5 1.32 0.33
265.05 0.82 0.33
287.17 1.65 1.33
298.06 0.99 0.33
320.43 0.73 0.33
330.89 0.83 0.33
353.35 1.24 -0.67
368.7 0.6 -0.67
505.41 0.7 0.33
509.58 0.96 0.33
519.49 0.55 -0.67
524.64 0.61 -0.67
542.74 0.92 -0.67
548.82 0.75 -0.67
558.06 1.14 -0.67
580.74 0.89 1.33
586.82 0.88 1.33
596.91 0.72 0.33
