6.59 3.14 1.29
12.34 0.74 1.29
22.61 1.08 0.29
32.28 0.8 -0.71
51.91 0.71 1.29
62.53 0.53 -0.71
66.74 3.11 -0.71
87.44 0.57 0.29
93.12 1.66 0.29
103.68 0.51 -0.71
177.82 0.62 -0.71
187.62 0.7 -0.71
209.61 0.75 0.29
220.59 0.73 0.29
242.05 1.47 0.29
253.73 0.72 -0.71
259.39 0.67 -0.71
278.09 0.55 -0.71
292.97 0.62 -0.71
310.34 0.71 -0.71
325.54 0.59 -0.71
344.49 0.83 0.29
350.44 0.75 0.29
366.44 0.6 -0.71
383.94 1.52 0.29
388.11 1.06 0.29
397.71 0.59 0.29
419.41 1.08 -0.71
430.64 0.75 -0.71
508.43 2.34 0.29
512.82 1.32 0.29
518.14 0.76 0.29
538.46 1.17 1.29
547.65 0.85 0.29
570.29 3.09 0.29
581.3 0.75 0.29
604.31 1.07 0.29
614.96 0.63 0.29
