6.68 1.96 1.21
16.77 0.76 0.21
28.32 0.81 -0.79
44.48 0.41 0.21
54.82 0.35 -0.79
60.26 0.62 -0.79
75.93 0.65 1.21
85.52 0.79 0.21
107.78 1.52 0.21
118.01 0.6 0.21
145.15 0.92 0.21
160.44 3.04 0.21
166.35 0.44 0.21
187.43 0.45 0.21
199.13 0.65 0.21
219.48 0.89 -0.79
224.73 0.45 -0.79
249.29 0.66 0.21
260.46 0.7 -0.79
281.18 1.14 0.21
291.94 0.61 0.21
316.32 0.52 -0.79
321.94 0.96 -0.79
331.02 0.76 -0.79
347.87 1.24 0.21
362.59 1.46 -0.79
380.28 0.61 0.21
386.08 0.94 0.21
395.19 0.37 0.21
417.66 1.46 1.21
423.51 0.93 1.21
431.98 0.82 0.21
454.69 1.08 1.21
463.97 1.17 0.21
485.73 2.12 0.21
494.84 0.67 0.21
504.61 0.69 -0.79
521.7 1.18 -0.79
525.77 1.04 -0.79
552.14 0.62 1.21
563.41 0.59 0.21
585.16 0.57 -0.79
590.51 0.51 -0.79
