6.82 0.75 1.5
18.3 0.45 0.5
78.52 0.67 0.5
83.9 0.61 0.5
94.74 0.51 -0.5
113.41 2.44 0.5
123.13 0.66 0.5
142.88 1.69 0.5
146.98 0.89 0.5
157.28 0.39 -0.5
173.38 0.38 -0.5
178.82 0.94 -0.5
206.81 1.74 0.5
217.12 0.33 0.5
244.97 0.43 -0.5
256.56 0.41 -0.5
261.81 0.51 -0.5
278.15 0.32 0.5
294.42 0.51 -0.5
312.09 0.62 0.5
317.72 0.81 0.5
326.91 0.49 -0.5
342.96 0.52 -0.5
347.22 0.32 -0.5
361.73 0.67 -0.5
377.3 0.5 0.5
382.68 0.63 0.5
393.87 0.47 -0.5
398.84 0.38 -0.5
416.3 0.34 1.5
426.78 0.45 0.5
436.97 1.09 -0.5
456.17 0.36 0.5
466.19 0.46 -0.5
475.56 0.42 -0.5
491.69 0.37 -0.5
505.12 0.36 -0.5
522.84 0.68 -0.5
531.52 0.51 -0.5
540.69 0.4 -0.5
558.1 0.43 0.5
562.87 0.51 0.5
567.02 0.4 0.5
600.45 0.33 -0.5
610.53 0.36 -0.5
616.27 0.38 -0.5
