7.05 0.58 0.36
16.32 0.52 -0.64
21.15 0.45 -0.64
25.29 0.92 -0.64
42.7 1.98 0.36
51.71 0.45 0.36
60.91 0.44 -0.64
127.1 0.43 0.36
131.53 0.42 0.36
137.39 1.38 0.36
147.64 0.46 -0.64
164.72 0.38 0.36
169.04 0.41 0.36
178.98 0.42 -0.64
199.24 0.51 -0.64
209.79 0.38 -0.64
215.71 0.43 -0.64
220.53 0.44 -0.64
236.94 0.65 1.36
242.95 0.8 1.36
252.6 0.59 0.36
311.35 0.48 1.36
322.44 1.44 0.36
342.98 0.54 0.36
348.61 0.45 0.36
357.31 0.5 0.36
380.98 0.54 -0.64
391.32 1.02 -0.64
401.72 0.41 -0.64
417.26 0.43 -0.64
422.31 0.69 -0.64
427.68 0.43 -0.64
454.45 0.85 1.36
464.32 1.14 0.36
484.5 2.12 0.36
494.81 0.45 0.36
515.65 0.45 1.36
526.39 0.49 0.36
535.46 0.62 -0.64
550.83 0.67 -0.64
561.39 0.65 -0.64
571.2 0.44 -0.64
589.31 0.45 0.36
598.54 0.42 -0.64
