6.9 0.83 -0.83
12.79 0.71 -0.83
21.17 0.72 -0.83
44.83 0.69 0.17
50.43 1.16 0.17
60.32 0.66 -0.83
76.52 0.62 1.17
80.9 0.47 1.17
89.96 0.84 0.17
113.27 0.55 -0.83
123.89 0.78 -0.83
133.52 0.77 -0.83
151.21 0.67 1.17
156.62 0.57 1.17
166.79 0.77 0.17
189.96 0.69 1.17
194.76 0.58 1.17
204.98 0.82 0.17
226.35 0.6 0.17
230.49 1.12 0.17
258.58 0.69 0.17
268.67 0.6 -0.83
292.04 1.12 1.17
303.07 0.71 0.17
323.97 0.51 1.17
335.14 0.58 0.17
359.18 0.61 -0.83
365.24 0.81 -0.83
379.59 0.94 -0.83
396.19 1.27 -0.83
400.24 0.57 -0.83
409.91 1.33 -0.83
426.01 0.6 1.17
436.45 0.69 0.17
457.84 1.59 0.17
463.47 1 0.17
472.97 0.47 -0.83
490 1.28 1.17
501.06 0.71 0.17
524.84 0.86 1.17
530.5 0.92 1.17
539.55 0.81 0.17
560.43 0.6 -0.83
564.57 0.56 -0.83
568.8 0.62 -0.83
600.06 0.55 -0.83
610.81 0.53 -0.83
