6.76 0.66 -0.6
12.06 0.48 -0.6
41.49 0.37 -0.6
47.1 0.53 -0.6
52.34 0.57 -0.6
80.8 0.62 1.4
91.37 0.62 0.4
113.85 0.68 -0.6
123.63 0.64 -0.6
128.79 0.99 -0.6
146.33 0.85 -0.6
150.38 0.55 -0.6
155.03 0.7 -0.6
164.06 0.7 -0.6
180.08 1.5 1.4
189.04 0.51 0.4
249.78 0.93 -0.6
266.07 0.7 -0.6
288.04 0.49 0.4
293.11 0.66 0.4
297.89 0.52 0.4
318.67 0.93 1.4
328.42 0.53 0.4
349.68 0.66 -0.6
355.56 0.61 -0.6
360.14 0.51 -0.6
387.33 1.15 1.4
397.83 0.77 0.4
409.28 0.96 -0.6
428.3 0.49 1.4
437.92 0.57 0.4
459.12 0.53 -0.6
465.05 0.53 -0.6
475.59 0.68 -0.6
492.11 1.12 -0.6
508.77 1.38 -0.6
531.22 1.47 0.4
541.67 0.59 0.4
563.12 0.69 1.4
567.85 0.59 1.4
578.05 0.49 0.4
603.63 0.84 0.4
613.24 1.44 -0.6
