5.59 0.78 0.57
16.64 0.78 -0.43
39 0.53 -0.43
54.01 0.45 -0.43
70.86 0.82 0.57
84.93 0.49 -0.43
163.18 0.82 -0.43
173.43 1.12 -0.43
185.01 0.95 -0.43
206.3 0.92 -0.43
216.62 0.73 -0.43
238.35 2.46 0.57
248.02 0.74 0.57
258.75 0.52 -0.43
275.51 0.57 -0.43
291.56 0.6 -0.43
308.64 0.66 0.57
317.44 0.9 0.57
339.99 0.93 1.57
350.49 0.52 0.57
359.85 0.44 -0.43
377.75 0.47 -0.43
387.53 0.47 -0.43
396.8 0.38 -0.43
415.33 0.51 0.57
425.39 0.51 -0.43
446.9 0.56 -0.43
457.6 0.37 -0.43
467.71 0.68 -0.43
528.15 0.71 1.57
533.5 0.88 1.57
544.91 0.52 0.57
575.21 0.44 -0.43
580.1 0.82 -0.43
585.95 1.14 -0.43
