7.06 1.39 0.2
11.94 0.66 0.2
16.91 0.6 0.2
21.28 0.54 0.2
47.13 0.81 -0.8
55.64 0.68 -0.8
76.99 0.56 -0.8
105.26 1.17 1.2
115.7 0.85 0.2
139.26 2.98 0.2
148.63 1.09 0.2
171.66 1.4 -0.8
187.15 0.56 -0.8
206.13 1.14 1.2
217.1 1.85 0.2
239.63 0.8 0.2
249.43 1.08 0.2
272.72 0.75 -0.8
284.38 1.23 -0.8
389.93 0.75 1.2
399.8 0.76 0.2
411.19 0.76 -0.8
430.53 0.95 1.2
441.06 0.71 0.2
452.01 0.78 -0.8
470.55 0.83 1.2
482.35 0.64 0.2
504.87 0.89 0.2
509.84 0.63 0.2
520.41 0.73 -0.8
542.88 0.7 1.2
553.88 0.8 0.2
575.96 0.68 -0.8
581.14 0.75 -0.8
596.21 0.93 -0.8
