6.17 2.97 0.26
12.22 1.16 0.26
17.13 0.95 0.26
37.61 0.67 1.26
43.53 0.85 1.26
54.49 1.34 0.26
140.07 0.78 -0.74
145.98 1.42 -0.74
175.14 0.53 -0.74
180.16 0.95 -0.74
195.87 0.84 -0.74
213.34 1.52 1.26
222.73 0.65 0.26
247.22 0.73 1.26
257.69 0.99 0.26
268.89 0.55 -0.74
287.54 1.21 0.26
297.67 1.55 0.26
320.63 0.54 1.26
330.96 0.75 0.26
341.45 1.15 -0.74
359.14 0.91 0.26
363.26 1.18 0.26
373.34 0.36 -0.74
396.18 0.9 -0.74
401.48 1.08 -0.74
430.48 0.66 -0.74
441.73 0.47 -0.74
452.4 0.91 -0.74
501.92 0.6 0.26
516.52 0.58 -0.74
539.91 3.04 0.26
545.51 0.48 0.26
555.83 0.4 0.26
