5.54 1.04 1.27
16.68 0.8 0.27
26.16 1.28 -0.73
42.39 0.66 0.27
51.82 0.7 0.27
73.82 0.5 0.27
85.19 0.5 0.27
95.53 0.53 -0.73
111.65 0.65 0.27
117.28 0.93 0.27
126.93 0.56 -0.73
149.13 0.49 0.27
164.07 0.37 -0.73
179.89 0.73 -0.73
190.45 0.66 -0.73
201.53 0.8 -0.73
217.86 0.75 1.27
228 0.64 0.27
237.59 0.53 -0.73
254.21 0.6 0.27
265.52 1.61 0.27
276.36 0.56 -0.73
294.02 0.62 0.27
304.23 0.42 0.27
327.37 0.53 0.27
338.47 0.45 -0.73
347.18 0.41 -0.73
363.48 0.62 0.27
369.16 0.47 0.27
382.85 0.52 -0.73
401.54 0.55 1.27
412.18 0.57 0.27
432.69 0.49 1.27
442.75 0.56 0.27
453.49 0.71 -0.73
469.94 0.6 1.27
481.64 0.56 0.27
505.88 0.43 -0.73
515.35 0.48 -0.73
526.24 0.48 -0.73
544.77 0.62 1.27
553.77 0.58 0.27
575.13 0.63 0.27
586.14 0.74 -0.73
595.17 0.49 -0.73
