7.64 0.71 -0.68
12.21 0.91 -0.68
41.7 0.61 0.32
47.61 0.5 0.32
52.44 0.73 0.32
63.05 0.59 -0.68
80.79 0.6 1.32
91.18 0.76 0.32
113.78 0.48 -0.68
128.35 0.4 -0.68
145.23 1.03 0.32
155.21 0.57 0.32
245.58 0.55 -0.68
249.73 0.52 -0.68
254.92 0.66 -0.68
266.51 0.77 -0.68
282.45 0.53 1.32
292.14 0.64 0.32
302.33 0.6 -0.68
319.86 0.41 0.32
328.83 0.64 -0.68
352.1 1.24 -0.68
356.89 0.66 -0.68
367.48 0.7 -0.68
391.19 0.42 1.32
395.36 0.74 1.32
405.17 0.73 0.32
425.65 0.88 -0.68
430.82 0.64 -0.68
457.04 0.64 0.32
461.81 0.43 0.32
466.12 0.62 0.32
471.81 0.51 0.32
492.51 0.9 0.32
498.24 0.43 0.32
503.37 0.46 0.32
526.25 0.61 0.32
531.17 0.85 0.32
535.53 2.18 0.32
555.28 1.63 -0.68
564.42 0.86 -0.68
575.16 0.7 -0.68
594.3 1.04 1.32
603.42 0.51 0.32
