7.49 0.81 -0.77
13.5 0.95 -0.77
40.14 0.85 -0.77
44.83 1.97 -0.77
61.96 1.52 -0.77
79.15 1.62 1.23
89.48 1.72 0.23
98.56 0.84 -0.77
115.35 1.3 -0.77
132.13 0.72 -0.77
149.19 0.91 1.23
158.76 0.76 0.23
167.94 0.63 -0.77
185.42 0.9 0.23
201.35 0.83 -0.77
220.28 0.69 -0.77
224.57 0.63 -0.77
229.26 0.43 -0.77
252.31 1.05 1.23
257.07 1.02 1.23
269.01 0.96 0.23
292.42 0.52 0.23
302.81 1.19 0.23
312.07 0.75 -0.77
330.48 0.7 1.23
335.35 0.96 1.23
346.87 0.86 0.23
369.84 0.8 1.23
380.52 0.78 0.23
477.27 0.77 0.23
482.91 1.05 0.23
487.24 1.17 0.23
497.56 1.1 -0.77
515.85 0.75 1.23
525.02 1.14 0.23
534.39 0.99 -0.77
552.3 0.74 0.23
556.92 0.91 0.23
562.93 0.78 0.23
573.29 1.23 -0.77
589.39 0.78 0.23
595.11 0.96 0.23
604.89 1.43 -0.77
