7.97 1.19 -0.54
18.4 3.04 0.46
22.85 0.87 0.46
32.74 0.95 -0.54
49.95 1.1 0.46
65.12 0.98 -0.54
69.82 0.86 -0.54
87.93 0.67 0.46
98.16 1.31 -0.54
119.61 0.96 0.46
128.96 1.3 0.46
151.47 0.73 1.46
161.59 1.01 -0.54
183.95 0.61 0.46
193.98 0.93 -0.54
205.52 0.65 -0.54
295.59 0.34 -0.54
301.04 0.92 -0.54
305.12 0.73 -0.54
331.02 0.58 1.46
335.17 1.29 1.46
344.45 1.08 0.46
370.76 0.78 -0.54
380.05 1.6 -0.54
400.39 0.7 -0.54
410.29 0.92 0.46
420.46 0.53 -0.54
437.08 0.63 0.46
447.86 0.32 -0.54
453.82 0.34 -0.54
458.89 0.57 -0.54
474.89 0.8 -0.54
485.98 0.7 -0.54
514.09 0.73 0.46
525.53 0.58 0.46
546.38 0.69 0.46
554.92 0.6 -0.54
565.32 0.6 -0.54
589.02 0.55 0.46
594.6 0.46 0.46
599.92 1.26 0.46
