6.35 0.62 0.82
16.5 1.3 -0.18
22.18 0.75 -0.18
43.33 0.81 -0.18
53.95 0.98 -0.18
58.85 0.9 -0.18
75.89 1.31 -0.18
81.81 0.86 -0.18
86.45 0.92 -0.18
161.23 2.37 0.82
170.79 0.41 -0.18
175.92 0.7 -0.18
197.23 0.45 0.82
205.96 0.53 0.82
276.08 2 -0.18
287.28 0.76 -0.18
307.05 0.56 -0.18
322.05 1.11 -0.18
337.93 1.81 0.82
347.68 0.5 -0.18
352.86 0.56 -0.18
371.19 0.46 -0.18
382.08 0.53 -0.18
408.59 1.12 -0.18
417.61 0.51 -0.18
439.26 0.52 -0.18
450.35 2.58 0.82
460.16 2.63 -0.18
543.56 0.46 -0.18
553.06 0.65 -0.18
575.92 0.76 -0.18
591.46 0.45 -0.18
596.47 0.63 -0.18
