5.93 0.91 -0.78
17.02 0.6 0.22
26.52 0.77 -0.78
42.87 0.84 -0.78
48.02 0.84 -0.78
77.52 0.82 0.22
86.8 0.71 0.22
109.59 0.73 1.22
114.49 0.7 1.22
125.74 1.05 0.22
147.95 0.78 0.22
156.99 0.91 0.22
177.59 0.7 1.22
186.99 0.73 0.22
208.11 0.97 1.22
212.99 0.94 1.22
222.63 0.69 0.22
285.42 1.52 1.22
291.37 0.79 0.22
302.25 0.72 -0.78
323.9 0.93 -0.78
328.37 0.83 -0.78
334.21 0.78 -0.78
343.45 0.93 -0.78
409.25 0.65 0.22
420.2 0.8 0.22
443.07 0.77 -0.78
448.71 0.82 -0.78
475.09 0.68 0.22
479.93 0.82 0.22
491.98 0.97 0.22
514.3 0.86 0.22
526.26 0.68 0.22
548.79 0.61 -0.78
553.77 0.77 -0.78
564.59 0.57 -0.78
