6.93 1.42 -0.56
12.77 0.91 -0.56
26.87 0.73 -0.56
93.32 0.71 0.44
104.65 0.79 -0.56
165.94 0.89 1.44
177.15 1.33 0.44
187.09 1.39 -0.56
202.92 0.74 0.44
212.2 1.13 -0.56
232.9 0.74 -0.56
244.4 1.21 -0.56
266.86 0.75 0.44
272.08 1.59 0.44
281.29 0.9 -0.56
299.58 2.15 1.44
310.26 1.21 0.44
331.59 0.91 1.44
340.97 1.64 0.44
361.8 0.74 -0.56
365.93 0.74 -0.56
379.6 1.07 -0.56
398.35 0.93 -0.56
404.33 1.46 -0.56
433.53 0.79 0.44
444.85 0.82 0.44
467.06 0.87 1.44
478.05 0.83 0.44
499.87 0.66 -0.56
504.37 1.01 -0.56
509.89 1.01 -0.56
530.97 1.05 0.44
535.06 0.88 0.44
548.26 3.02 -0.56
564.26 1.03 0.44
573.73 0.95 0.44
602.78 2.68 -0.56
607.94 1.19 -0.56
613.94 0.81 -0.56
