7.85 0.7 1.48
12.19 2.22 1.48
22.41 0.88 0.48
45.46 0.68 1.48
55.49 0.74 0.48
64.21 0.97 -0.52
81.68 0.85 0.48
92.71 0.7 -0.52
120.46 0.97 0.48
131.37 0.85 -0.52
149.85 0.63 -0.52
155.02 0.77 -0.52
165.8 1.07 -0.52
189.02 0.84 -0.52
194.47 0.61 -0.52
199.77 0.98 -0.52
225.95 0.64 0.48
231.02 0.76 0.48
241.95 0.68 -0.52
258.13 0.55 1.48
266.72 0.52 0.48
277.17 0.48 -0.52
295.25 0.6 -0.52
305.06 0.47 -0.52
309.78 0.56 -0.52
327.37 0.67 1.48
332.96 0.8 1.48
343.06 0.62 0.48
364.64 0.76 -0.52
375.67 0.67 -0.52
397.05 0.89 0.48
406.07 0.53 -0.52
412 0.5 -0.52
417.69 0.4 -0.52
433.93 0.5 0.48
443.46 1.09 0.48
464.43 0.53 0.48
473.96 0.52 -0.52
495.69 0.46 -0.52
501.69 0.43 -0.52
510.85 2.41 -0.52
563.15 0.6 -0.52
568.32 0.61 -0.52
595.12 0.62 -0.52
605.3 0.87 -0.52
615.55 0.58 -0.52
