6.76 0.43 0.38
16.28 0.43 -0.62
36.4 0.58 0.38
47.72 0.63 0.38
68.31 2.43 -0.62
78.58 0.64 -0.62
100.6 0.34 -0.62
111.15 0.4 -0.62
135.42 0.38 1.38
145.87 0.71 0.38
166.68 0.4 -0.62
177.49 0.34 -0.62
187.45 0.46 -0.62
204.05 0.34 0.38
209.54 0.33 0.38
219.13 0.4 -0.62
240.53 0.55 1.38
251.95 0.33 0.38
260.67 0.38 -0.62
277.03 0.42 -0.62
292.2 0.37 -0.62
315.33 1.29 0.38
324.92 0.4 0.38
350.71 0.69 0.38
361.67 0.35 -0.62
379.83 0.38 -0.62
384.65 0.38 -0.62
414.46 0.78 0.38
423.32 0.42 -0.62
427.93 0.37 -0.62
447.46 0.4 0.38
453.3 0.4 0.38
459.21 0.45 0.38
469.19 0.45 -0.62
490.95 0.57 0.38
501.57 0.37 0.38
524.08 1.14 1.38
533.86 0.43 0.38
554.12 1.54 -0.62
569.68 0.41 -0.62
592.86 0.42 1.38
603.34 0.38 0.38
