6.4 0.56 1.27
16.72 0.4 0.27
84.65 0.41 0.27
93.87 0.36 -0.73
161.09 0.36 0.27
166.53 0.6 0.27
177.62 0.51 -0.73
194.31 0.53 0.27
206.13 0.43 -0.73
234.62 0.68 1.27
245.19 0.61 0.27
267.31 1.03 -0.73
281.97 0.46 -0.73
298.51 0.37 0.27
309.77 0.81 -0.73
319.46 0.33 -0.73
371.12 0.47 1.27
380.91 0.41 0.27
404.17 0.78 1.27
414.17 0.45 0.27
435.71 0.95 1.27
444.63 0.7 0.27
466.7 0.45 -0.73
476.95 0.43 -0.73
488.09 0.43 -0.73
505.7 0.48 0.27
511.19 0.36 0.27
521.31 0.41 -0.73
543.98 0.35 0.27
548.55 0.39 0.27
563.65 0.42 -0.73
580.35 0.35 -0.73
589.87 0.49 -0.73
