6.19 1.03 0.52
23.21 0.47 -0.48
29.09 0.52 -0.48
46.69 0.71 0.52
57.01 0.63 0.52
82.95 0.54 -0.48
87.46 0.42 -0.48
93.59 0.49 -0.48
121.19 1.24 1.52
131.35 0.56 0.52
154.03 1.03 1.52
159.85 0.53 1.52
169.44 0.53 0.52
191.33 1.26 -0.48
201.86 0.49 -0.48
222.95 0.46 -0.48
227.24 0.53 -0.48
254.07 0.93 1.52
265.58 1.13 0.52
292.19 0.72 -0.48
301.46 0.73 -0.48
306.97 0.75 -0.48
326.51 0.85 -0.48
332.18 0.8 -0.48
393.94 0.55 0.52
404.34 0.51 0.52
427.66 0.62 -0.48
439.24 0.42 -0.48
448.32 0.74 -0.48
464.2 0.7 0.52
469.25 0.4 0.52
480.67 1.05 0.52
504.54 0.69 -0.48
510.47 0.63 -0.48
521.31 0.83 -0.48
543.52 0.74 -0.48
554.05 0.64 -0.48
565.38 0.47 -0.48
583.1 0.54 -0.48
594.21 0.65 -0.48
