7.61 0.72 1.24
18.48 1.6 0.24
54.39 3.04 1.24
59.56 1.15 1.24
69.34 0.89 0.24
91.96 0.67 -0.76
97.7 0.57 -0.76
102.99 0.63 -0.76
128.46 0.79 1.24
133.22 0.86 1.24
143.06 0.95 0.24
164.29 0.66 -0.76
173.79 0.99 -0.76
177.96 0.65 -0.76
200.92 0.6 0.24
211.65 0.8 -0.76
228.61 0.75 -0.76
232.68 2.15 -0.76
238.39 0.89 -0.76
260.71 1.35 1.24
266.34 0.73 1.24
275.42 0.58 0.24
297.2 1.75 0.24
307.7 0.65 -0.76
413.65 0.68 1.24
423.45 1.18 0.24
446.41 0.95 -0.76
458.05 0.65 -0.76
485.41 1.09 -0.76
495.66 0.54 -0.76
510.83 1.48 0.24
516.14 0.73 0.24
524.73 0.72 -0.76
