5.12 0.83 0.2
10.79 0.86 0.2
42.79 0.62 -0.8
47.26 0.47 -0.8
53.04 0.81 -0.8
76.15 1.19 0.2
85.33 0.84 0.2
109.93 0.7 0.2
115.96 0.71 0.2
120.47 0.94 0.2
140.92 0.61 0.2
151.05 1.26 0.2
162.7 1.33 -0.8
180.04 1.96 1.2
191.35 1.17 0.2
213.8 1.16 0.2
225.06 0.68 -0.8
251.71 0.74 -0.8
256.92 0.8 -0.8
262.45 1.27 -0.8
285.34 1.68 0.2
295.73 0.92 0.2
318.56 0.79 -0.8
328.53 0.95 -0.8
352.21 0.6 1.2
357.66 0.68 1.2
368.76 0.72 0.2
391.44 0.77 1.2
400.26 0.8 0.2
422.35 0.66 0.2
426.71 0.85 0.2
452.2 0.76 0.2
463.39 0.81 0.2
484.93 1.08 0.2
496.52 0.88 0.2
519.01 0.76 0.2
523.24 2.31 0.2
550.4 0.74 -0.8
556.37 0.76 -0.8
566.11 0.8 -0.8
584.12 0.76 0.2
589.26 0.78 0.2
593.44 0.75 0.2
599.26 0.89 0.2
