7.45 0.42 1.19
12.08 0.64 1.19
21.91 0.58 0.19
44.37 0.68 1.19
55.34 0.53 0.19
77.46 0.58 1.19
87.29 0.54 0.19
109.97 0.54 -0.81
121.28 0.46 0.19
131.26 0.48 -0.81
152.93 0.54 -0.81
167.19 0.5 -0.81
216.08 0.37 1.19
220.84 0.45 1.19
231.37 0.54 0.19
254.02 0.47 -0.81
259.17 0.54 -0.81
273.78 0.62 -0.81
289.13 0.46 1.19
299.1 0.57 0.19
359.83 0.37 -0.81
369.58 0.44 -0.81
379.55 0.55 -0.81
395.85 0.49 -0.81
400.13 0.49 -0.81
416.21 0.59 -0.81
433.06 0.48 1.19
443.68 0.51 0.19
464.94 0.46 0.19
474.41 0.51 0.19
496 0.51 -0.81
500.74 0.62 -0.81
512.32 0.69 -0.81
528.01 0.54 1.19
536.83 0.47 0.19
559.29 0.61 0.19
567.51 0.65 0.19
