5.22 1.22 0.33
16.18 1.12 0.33
38.54 0.82 -0.67
54.58 0.69 -0.67
129.19 0.84 -0.67
133.55 1.16 -0.67
147.64 0.48 -0.67
164.28 0.58 0.33
169.51 0.79 0.33
179.47 0.69 -0.67
195.85 0.68 -0.67
210.73 0.98 -0.67
234.1 0.78 0.33
243.63 1.3 0.33
267.38 0.76 0.33
272.96 0.65 0.33
282.73 0.88 -0.67
306.7 0.85 1.33
317.2 0.89 0.33
340.4 0.7 0.33
350.14 0.94 0.33
371.31 1.61 0.33
376.52 1.27 0.33
386 0.85 -0.67
413.52 0.78 -0.67
439.6 0.73 -0.67
457.26 0.76 1.33
468.13 1.05 0.33
489.07 0.63 0.33
494.74 0.71 0.33
499.97 0.98 0.33
508.59 0.87 -0.67
531.62 0.99 -0.67
541.95 0.79 -0.67
562.32 0.73 1.33
567.25 0.67 1.33
576.33 0.9 0.33
599.33 0.81 -0.67
610.64 0.79 -0.67
