7 0.87 -0.46
17.7 1.36 -0.46
27.43 1.1 -0.46
97.85 1.24 -0.46
107.81 1.58 -0.46
130.74 1.05 1.54
141.41 1.31 0.54
152.15 0.49 -0.46
174.05 0.69 -0.46
178.46 0.58 -0.46
183.73 1.2 -0.46
257.56 0.98 0.54
275.3 1.66 0.54
295.03 0.68 -0.46
300.93 1.05 -0.46
329.35 0.66 -0.46
334.5 1 -0.46
360.69 0.77 0.54
372.26 1.26 -0.46
396.22 0.79 1.54
406.82 0.52 0.54
429.33 1.06 0.54
439.37 0.54 -0.46
462.72 1.05 1.54
472.18 0.6 0.54
493.72 0.6 0.54
509.91 0.69 -0.46
515.2 0.94 -0.46
531.3 0.77 0.54
541.55 1.03 0.54
552 0.75 -0.46
569.45 0.56 -0.46
574.24 0.64 -0.46
604.8 0.43 -0.46
609 1.61 -0.46
