62.02 1.2 1.42
72.13 1 0.42
80.41 1.01 -0.58
98.16 0.77 0.42
109.04 0.92 0.42
132.22 0.8 1.42
141.01 0.99 0.42
155.43 1.07 -0.58
172.85 0.76 0.42
181.85 0.95 0.42
191.2 1.13 -0.58
209.04 0.85 1.42
220.09 0.89 0.42
242.54 1.19 1.42
252.1 0.95 0.42
263.33 0.69 -0.58
281.9 0.79 -0.58
298.2 0.8 -0.58
314.69 0.82 0.42
325.25 0.74 -0.58
360.22 1.18 -0.58
374.85 0.69 -0.58
397.83 2.6 -0.58
408.5 1.02 -0.58
431.65 1.14 1.42
442.92 1.05 0.42
466.94 0.62 -0.58
472.87 0.91 -0.58
500.98 1.96 -0.58
510.7 1.01 -0.58
521.29 0.85 -0.58
543.47 0.62 -0.58
551.96 0.46 -0.58
556.54 1.36 -0.58
573.52 1.6 0.42
584.2 0.96 -0.58
