5.61 1.05 -0.47
17.28 0.41 -0.47
26.24 0.63 -0.47
45 0.72 -0.47
55.83 0.53 -0.47
89.96 0.59 -0.47
99.7 0.43 -0.47
121.97 0.53 -0.47
126.76 0.48 -0.47
137.06 0.49 -0.47
159.35 0.49 -0.47
170.21 0.37 -0.47
186.4 1.09 0.53
195.77 0.89 0.53
206.63 0.76 -0.47
224.43 0.64 0.53
228.75 1.05 0.53
233.07 0.39 0.53
237.66 1.02 0.53
260.01 0.62 0.53
269.48 0.4 0.53
292.68 0.98 -0.47
306.14 0.53 -0.47
323.1 0.8 0.53
333.22 0.52 0.53
357.12 0.45 -0.47
362.58 0.39 -0.47
367.03 0.74 -0.47
398.91 0.44 0.53
409.58 0.61 0.53
434.03 0.55 1.53
444.37 0.39 0.53
454.51 1.34 -0.47
472.22 0.62 0.53
483.29 1 0.53
511.4 0.57 0.53
521.23 1.14 -0.47
537.16 0.52 -0.47
554.1 0.62 -0.47
570.95 0.61 -0.47
581.83 0.43 -0.47
586.87 0.55 -0.47
604.67 0.82 0.53
608.98 0.58 0.53
617.79 0.48 0.53
