6.6 3.05 1.6
12.13 2.38 1.6
38.48 1.73 0.6
63.08 0.94 -0.4
68.14 1.41 -0.4
78.17 3.04 -0.4
82.25 0.81 -0.4
105.34 0.83 -0.4
120.36 0.51 -0.4
138.3 1.02 -0.4
148.46 1.23 -0.4
176.8 1.33 0.6
191.83 0.48 -0.4
208.61 1.12 1.6
213.73 0.94 1.6
225.51 1.05 0.6
247.66 2.79 0.6
257.25 1.81 0.6
278.22 1.61 -0.4
292.71 0.96 -0.4
297.41 1.11 -0.4
315.94 1.33 -0.4
326.73 1.34 -0.4
357.99 1.26 -0.4
368.88 1.13 -0.4
374.31 0.53 -0.4
390.46 0.92 -0.4
395.92 1.47 -0.4
425.24 0.99 -0.4
430.83 1.04 -0.4
457.69 0.96 1.6
468.94 0.96 0.6
489.89 0.6 -0.4
505.94 1.14 -0.4
522.46 0.79 -0.4
538.25 0.77 -0.4
555.1 0.92 -0.4
565.56 0.59 -0.4
585.84 0.96 0.6
595.89 0.9 -0.4
601.6 1.09 -0.4
605.97 1.39 -0.4
