7.03 0.77 1.5
17.34 0.59 0.5
28.5 0.37 -0.5
49.35 0.9 -0.5
58.57 0.66 -0.5
79.95 0.8 0.5
89.52 0.75 0.5
99.87 1.8 -0.5
117.12 0.56 -0.5
133.51 0.55 -0.5
150.47 0.66 -0.5
155.85 0.75 -0.5
182.65 0.79 0.5
193.2 0.52 -0.5
198.21 0.97 -0.5
214.27 0.71 0.5
224.84 0.96 0.5
251.78 0.45 0.5
257.53 0.62 0.5
262.09 1.61 0.5
282.8 1.14 0.5
292.4 0.57 -0.5
302.4 0.69 -0.5
318.73 0.45 -0.5
323.07 0.44 -0.5
337.11 0.57 -0.5
352.83 0.59 1.5
363.36 2.25 0.5
385 0.52 0.5
390.83 0.65 0.5
400.55 0.52 -0.5
464.29 0.5 -0.5
474.85 0.59 -0.5
503.94 0.68 -0.5
514.04 0.93 -0.5
542.37 1.06 -0.5
558.81 0.44 -0.5
576.9 1.87 1.5
586.15 0.74 0.5
597.43 0.46 -0.5
