8.03 0.48 -0.56
12.89 0.47 -0.56
38.21 1.23 -0.56
48.4 0.68 0.44
58.89 0.56 -0.56
75.63 0.69 -0.56
86.72 1.02 -0.56
92 0.54 -0.56
96.52 0.68 -0.56
113.12 1.17 -0.56
128.58 0.61 -0.56
145.86 1 1.44
155.22 0.42 0.44
175.29 1.64 1.44
185.39 0.55 0.44
194.56 0.49 -0.56
211.86 2 0.44
217.41 0.7 0.44
228.3 0.41 -0.56
250.05 0.9 -0.56
260.57 0.46 -0.56
282.77 1.74 1.44
292.93 3.04 0.44
297.72 0.95 0.44
309.14 0.7 -0.56
325.81 1.16 1.44
334.36 0.98 0.44
362.55 0.66 0.44
371.78 0.81 0.44
392.87 1.48 -0.56
402.03 0.62 -0.56
425.36 0.63 0.44
431.31 0.72 0.44
440.35 0.37 -0.56
457.34 0.54 -0.56
466.66 0.43 -0.56
540.75 0.47 1.44
551.03 0.4 0.44
561.59 0.47 -0.56
579.76 2.71 0.44
588.03 1.58 -0.56
593.71 0.85 -0.56
599.04 0.62 -0.56
